<Qucs Dataset 0.0.18>
<indep time 501>
  +0.00000000000e+000
  +4.00000000000e-005
  +8.00000000000e-005
  +1.20000000000e-004
  +1.60000000000e-004
  +2.00000000000e-004
  +2.40000000000e-004
  +2.80000000000e-004
  +3.20000000000e-004
  +3.60000000000e-004
  +4.00000000000e-004
  +4.40000000000e-004
  +4.80000000000e-004
  +5.20000000000e-004
  +5.60000000000e-004
  +6.00000000000e-004
  +6.40000000000e-004
  +6.80000000000e-004
  +7.20000000000e-004
  +7.60000000000e-004
  +8.00000000000e-004
  +8.40000000000e-004
  +8.80000000000e-004
  +9.20000000000e-004
  +9.60000000000e-004
  +1.00000000000e-003
  +1.04000000000e-003
  +1.08000000000e-003
  +1.12000000000e-003
  +1.16000000000e-003
  +1.20000000000e-003
  +1.24000000000e-003
  +1.28000000000e-003
  +1.32000000000e-003
  +1.36000000000e-003
  +1.40000000000e-003
  +1.44000000000e-003
  +1.48000000000e-003
  +1.52000000000e-003
  +1.56000000000e-003
  +1.60000000000e-003
  +1.64000000000e-003
  +1.68000000000e-003
  +1.72000000000e-003
  +1.76000000000e-003
  +1.80000000000e-003
  +1.84000000000e-003
  +1.88000000000e-003
  +1.92000000000e-003
  +1.96000000000e-003
  +2.00000000000e-003
  +2.04000000000e-003
  +2.08000000000e-003
  +2.12000000000e-003
  +2.16000000000e-003
  +2.20000000000e-003
  +2.24000000000e-003
  +2.28000000000e-003
  +2.32000000000e-003
  +2.36000000000e-003
  +2.40000000000e-003
  +2.44000000000e-003
  +2.48000000000e-003
  +2.52000000000e-003
  +2.56000000000e-003
  +2.60000000000e-003
  +2.64000000000e-003
  +2.68000000000e-003
  +2.72000000000e-003
  +2.76000000000e-003
  +2.80000000000e-003
  +2.84000000000e-003
  +2.88000000000e-003
  +2.92000000000e-003
  +2.96000000000e-003
  +3.00000000000e-003
  +3.04000000000e-003
  +3.08000000000e-003
  +3.12000000000e-003
  +3.16000000000e-003
  +3.20000000000e-003
  +3.24000000000e-003
  +3.28000000000e-003
  +3.32000000000e-003
  +3.36000000000e-003
  +3.40000000000e-003
  +3.44000000000e-003
  +3.48000000000e-003
  +3.52000000000e-003
  +3.56000000000e-003
  +3.60000000000e-003
  +3.64000000000e-003
  +3.68000000000e-003
  +3.72000000000e-003
  +3.76000000000e-003
  +3.80000000000e-003
  +3.84000000000e-003
  +3.88000000000e-003
  +3.92000000000e-003
  +3.96000000000e-003
  +4.00000000000e-003
  +4.04000000000e-003
  +4.08000000000e-003
  +4.12000000000e-003
  +4.16000000000e-003
  +4.20000000000e-003
  +4.24000000000e-003
  +4.28000000000e-003
  +4.32000000000e-003
  +4.36000000000e-003
  +4.40000000000e-003
  +4.44000000000e-003
  +4.48000000000e-003
  +4.52000000000e-003
  +4.56000000000e-003
  +4.60000000000e-003
  +4.64000000000e-003
  +4.68000000000e-003
  +4.72000000000e-003
  +4.76000000000e-003
  +4.80000000000e-003
  +4.84000000000e-003
  +4.88000000000e-003
  +4.92000000000e-003
  +4.96000000000e-003
  +5.00000000000e-003
  +5.04000000000e-003
  +5.08000000000e-003
  +5.12000000000e-003
  +5.16000000000e-003
  +5.20000000000e-003
  +5.24000000000e-003
  +5.28000000000e-003
  +5.32000000000e-003
  +5.36000000000e-003
  +5.40000000000e-003
  +5.44000000000e-003
  +5.48000000000e-003
  +5.52000000000e-003
  +5.56000000000e-003
  +5.60000000000e-003
  +5.64000000000e-003
  +5.68000000000e-003
  +5.72000000000e-003
  +5.76000000000e-003
  +5.80000000000e-003
  +5.84000000000e-003
  +5.88000000000e-003
  +5.92000000000e-003
  +5.96000000000e-003
  +6.00000000000e-003
  +6.04000000000e-003
  +6.08000000000e-003
  +6.12000000000e-003
  +6.16000000000e-003
  +6.20000000000e-003
  +6.24000000000e-003
  +6.28000000000e-003
  +6.32000000000e-003
  +6.36000000000e-003
  +6.40000000000e-003
  +6.44000000000e-003
  +6.48000000000e-003
  +6.52000000000e-003
  +6.56000000000e-003
  +6.60000000000e-003
  +6.64000000000e-003
  +6.68000000000e-003
  +6.72000000000e-003
  +6.76000000000e-003
  +6.80000000000e-003
  +6.84000000000e-003
  +6.88000000000e-003
  +6.92000000000e-003
  +6.96000000000e-003
  +7.00000000000e-003
  +7.04000000000e-003
  +7.08000000000e-003
  +7.12000000000e-003
  +7.16000000000e-003
  +7.20000000000e-003
  +7.24000000000e-003
  +7.28000000000e-003
  +7.32000000000e-003
  +7.36000000000e-003
  +7.40000000000e-003
  +7.44000000000e-003
  +7.48000000000e-003
  +7.52000000000e-003
  +7.56000000000e-003
  +7.60000000000e-003
  +7.64000000000e-003
  +7.68000000000e-003
  +7.72000000000e-003
  +7.76000000000e-003
  +7.80000000000e-003
  +7.84000000000e-003
  +7.88000000000e-003
  +7.92000000000e-003
  +7.96000000000e-003
  +8.00000000000e-003
  +8.04000000000e-003
  +8.08000000000e-003
  +8.12000000000e-003
  +8.16000000000e-003
  +8.20000000000e-003
  +8.24000000000e-003
  +8.28000000000e-003
  +8.32000000000e-003
  +8.36000000000e-003
  +8.40000000000e-003
  +8.44000000000e-003
  +8.48000000000e-003
  +8.52000000000e-003
  +8.56000000000e-003
  +8.60000000000e-003
  +8.64000000000e-003
  +8.68000000000e-003
  +8.72000000000e-003
  +8.76000000000e-003
  +8.80000000000e-003
  +8.84000000000e-003
  +8.88000000000e-003
  +8.92000000000e-003
  +8.96000000000e-003
  +9.00000000000e-003
  +9.04000000000e-003
  +9.08000000000e-003
  +9.12000000000e-003
  +9.16000000000e-003
  +9.20000000000e-003
  +9.24000000000e-003
  +9.28000000000e-003
  +9.32000000000e-003
  +9.36000000000e-003
  +9.40000000000e-003
  +9.44000000000e-003
  +9.48000000000e-003
  +9.52000000000e-003
  +9.56000000000e-003
  +9.60000000000e-003
  +9.64000000000e-003
  +9.68000000000e-003
  +9.72000000000e-003
  +9.76000000000e-003
  +9.80000000000e-003
  +9.84000000000e-003
  +9.88000000000e-003
  +9.92000000000e-003
  +9.96000000000e-003
  +1.00000000000e-002
  +1.00400000000e-002
  +1.00800000000e-002
  +1.01200000000e-002
  +1.01600000000e-002
  +1.02000000000e-002
  +1.02400000000e-002
  +1.02800000000e-002
  +1.03200000000e-002
  +1.03600000000e-002
  +1.04000000000e-002
  +1.04400000000e-002
  +1.04800000000e-002
  +1.05200000000e-002
  +1.05600000000e-002
  +1.06000000000e-002
  +1.06400000000e-002
  +1.06800000000e-002
  +1.07200000000e-002
  +1.07600000000e-002
  +1.08000000000e-002
  +1.08400000000e-002
  +1.08800000000e-002
  +1.09200000000e-002
  +1.09600000000e-002
  +1.10000000000e-002
  +1.10400000000e-002
  +1.10800000000e-002
  +1.11200000000e-002
  +1.11600000000e-002
  +1.12000000000e-002
  +1.12400000000e-002
  +1.12800000000e-002
  +1.13200000000e-002
  +1.13600000000e-002
  +1.14000000000e-002
  +1.14400000000e-002
  +1.14800000000e-002
  +1.15200000000e-002
  +1.15600000000e-002
  +1.16000000000e-002
  +1.16400000000e-002
  +1.16800000000e-002
  +1.17200000000e-002
  +1.17600000000e-002
  +1.18000000000e-002
  +1.18400000000e-002
  +1.18800000000e-002
  +1.19200000000e-002
  +1.19600000000e-002
  +1.20000000000e-002
  +1.20400000000e-002
  +1.20800000000e-002
  +1.21200000000e-002
  +1.21600000000e-002
  +1.22000000000e-002
  +1.22400000000e-002
  +1.22800000000e-002
  +1.23200000000e-002
  +1.23600000000e-002
  +1.24000000000e-002
  +1.24400000000e-002
  +1.24800000000e-002
  +1.25200000000e-002
  +1.25600000000e-002
  +1.26000000000e-002
  +1.26400000000e-002
  +1.26800000000e-002
  +1.27200000000e-002
  +1.27600000000e-002
  +1.28000000000e-002
  +1.28400000000e-002
  +1.28800000000e-002
  +1.29200000000e-002
  +1.29600000000e-002
  +1.30000000000e-002
  +1.30400000000e-002
  +1.30800000000e-002
  +1.31200000000e-002
  +1.31600000000e-002
  +1.32000000000e-002
  +1.32400000000e-002
  +1.32800000000e-002
  +1.33200000000e-002
  +1.33600000000e-002
  +1.34000000000e-002
  +1.34400000000e-002
  +1.34800000000e-002
  +1.35200000000e-002
  +1.35600000000e-002
  +1.36000000000e-002
  +1.36400000000e-002
  +1.36800000000e-002
  +1.37200000000e-002
  +1.37600000000e-002
  +1.38000000000e-002
  +1.38400000000e-002
  +1.38800000000e-002
  +1.39200000000e-002
  +1.39600000000e-002
  +1.40000000000e-002
  +1.40400000000e-002
  +1.40800000000e-002
  +1.41200000000e-002
  +1.41600000000e-002
  +1.42000000000e-002
  +1.42400000000e-002
  +1.42800000000e-002
  +1.43200000000e-002
  +1.43600000000e-002
  +1.44000000000e-002
  +1.44400000000e-002
  +1.44800000000e-002
  +1.45200000000e-002
  +1.45600000000e-002
  +1.46000000000e-002
  +1.46400000000e-002
  +1.46800000000e-002
  +1.47200000000e-002
  +1.47600000000e-002
  +1.48000000000e-002
  +1.48400000000e-002
  +1.48800000000e-002
  +1.49200000000e-002
  +1.49600000000e-002
  +1.50000000000e-002
  +1.50400000000e-002
  +1.50800000000e-002
  +1.51200000000e-002
  +1.51600000000e-002
  +1.52000000000e-002
  +1.52400000000e-002
  +1.52800000000e-002
  +1.53200000000e-002
  +1.53600000000e-002
  +1.54000000000e-002
  +1.54400000000e-002
  +1.54800000000e-002
  +1.55200000000e-002
  +1.55600000000e-002
  +1.56000000000e-002
  +1.56400000000e-002
  +1.56800000000e-002
  +1.57200000000e-002
  +1.57600000000e-002
  +1.58000000000e-002
  +1.58400000000e-002
  +1.58800000000e-002
  +1.59200000000e-002
  +1.59600000000e-002
  +1.60000000000e-002
  +1.60400000000e-002
  +1.60800000000e-002
  +1.61200000000e-002
  +1.61600000000e-002
  +1.62000000000e-002
  +1.62400000000e-002
  +1.62800000000e-002
  +1.63200000000e-002
  +1.63600000000e-002
  +1.64000000000e-002
  +1.64400000000e-002
  +1.64800000000e-002
  +1.65200000000e-002
  +1.65600000000e-002
  +1.66000000000e-002
  +1.66400000000e-002
  +1.66800000000e-002
  +1.67200000000e-002
  +1.67600000000e-002
  +1.68000000000e-002
  +1.68400000000e-002
  +1.68800000000e-002
  +1.69200000000e-002
  +1.69600000000e-002
  +1.70000000000e-002
  +1.70400000000e-002
  +1.70800000000e-002
  +1.71200000000e-002
  +1.71600000000e-002
  +1.72000000000e-002
  +1.72400000000e-002
  +1.72800000000e-002
  +1.73200000000e-002
  +1.73600000000e-002
  +1.74000000000e-002
  +1.74400000000e-002
  +1.74800000000e-002
  +1.75200000000e-002
  +1.75600000000e-002
  +1.76000000000e-002
  +1.76400000000e-002
  +1.76800000000e-002
  +1.77200000000e-002
  +1.77600000000e-002
  +1.78000000000e-002
  +1.78400000000e-002
  +1.78800000000e-002
  +1.79200000000e-002
  +1.79600000000e-002
  +1.80000000000e-002
  +1.80400000000e-002
  +1.80800000000e-002
  +1.81200000000e-002
  +1.81600000000e-002
  +1.82000000000e-002
  +1.82400000000e-002
  +1.82800000000e-002
  +1.83200000000e-002
  +1.83600000000e-002
  +1.84000000000e-002
  +1.84400000000e-002
  +1.84800000000e-002
  +1.85200000000e-002
  +1.85600000000e-002
  +1.86000000000e-002
  +1.86400000000e-002
  +1.86800000000e-002
  +1.87200000000e-002
  +1.87600000000e-002
  +1.88000000000e-002
  +1.88400000000e-002
  +1.88800000000e-002
  +1.89200000000e-002
  +1.89600000000e-002
  +1.90000000000e-002
  +1.90400000000e-002
  +1.90800000000e-002
  +1.91200000000e-002
  +1.91600000000e-002
  +1.92000000000e-002
  +1.92400000000e-002
  +1.92800000000e-002
  +1.93200000000e-002
  +1.93600000000e-002
  +1.94000000000e-002
  +1.94400000000e-002
  +1.94800000000e-002
  +1.95200000000e-002
  +1.95600000000e-002
  +1.96000000000e-002
  +1.96400000000e-002
  +1.96800000000e-002
  +1.97200000000e-002
  +1.97600000000e-002
  +1.98000000000e-002
  +1.98400000000e-002
  +1.98800000000e-002
  +1.99200000000e-002
  +1.99600000000e-002
  +2.00000000000e-002
</indep>
<dep Ve1.Vt time>
  +0.00000000000e+000
  +2.51300954433e-001
  +5.02443181798e-001
  +7.53268055279e-001
  +1.00361714851e+000
  +1.25333233564e+000
  +1.50225589121e+000
  +1.75023058975e+000
  +1.99709980514e+000
  +2.24270760949e+000
  +2.48689887165e+000
  +2.72951935517e+000
  +2.97041581577e+000
  +3.20943609807e+000
  +3.44642923175e+000
  +3.68124552685e+000
  +3.91373666837e+000
  +4.14375580993e+000
  +4.37115766651e+000
  +4.59579860621e+000
  +4.81753674102e+000
  +5.03623201636e+000
  +5.25174629961e+000
  +5.46394346734e+000
  +5.67268949127e+000
  +5.87785252292e+000
  +6.07930297695e+000
  +6.27691361291e+000
  +6.47055961569e+000
  +6.66011867434e+000
  +6.84547105929e+000
  +7.02649969799e+000
  +7.20309024888e+000
  +7.37513117358e+000
  +7.54251380736e+000
  +7.70513242776e+000
  +7.86288432137e+000
  +8.01566984871e+000
  +8.16339250717e+000
  +8.30595899196e+000
  +8.44327925502e+000
  +8.57526656194e+000
  +8.70183754670e+000
  +8.82291226435e+000
  +8.93841424151e+000
  +9.04827052466e+000
  +9.15241172621e+000
  +9.25077206834e+000
  +9.34328942457e+000
  +9.42990535893e+000
  +9.51056516295e+000
  +9.58521789017e+000
  +9.65381638833e+000
  +9.71631732915e+000
  +9.77268123568e+000
  +9.82287250729e+000
  +9.86685944208e+000
  +9.90461425697e+000
  +9.93611310520e+000
  +9.96133609143e+000
  +9.98026728428e+000
  +9.99289472641e+000
  +9.99921044204e+000
  +9.99921044204e+000
  +9.99289472641e+000
  +9.98026728428e+000
  +9.96133609143e+000
  +9.93611310520e+000
  +9.90461425697e+000
  +9.86685944208e+000
  +9.82287250729e+000
  +9.77268123568e+000
  +9.71631732915e+000
  +9.65381638833e+000
  +9.58521789017e+000
  +9.51056516295e+000
  +9.42990535893e+000
  +9.34328942457e+000
  +9.25077206834e+000
  +9.15241172621e+000
  +9.04827052466e+000
  +8.93841424151e+000
  +8.82291226435e+000
  +8.70183754670e+000
  +8.57526656194e+000
  +8.44327925502e+000
  +8.30595899196e+000
  +8.16339250717e+000
  +8.01566984871e+000
  +7.86288432137e+000
  +7.70513242776e+000
  +7.54251380736e+000
  +7.37513117358e+000
  +7.20309024888e+000
  +7.02649969799e+000
  +6.84547105929e+000
  +6.66011867434e+000
  +6.47055961569e+000
  +6.27691361291e+000
  +6.07930297695e+000
  +5.87785252292e+000
  +5.67268949127e+000
  +5.46394346734e+000
  +5.25174629961e+000
  +5.03623201636e+000
  +4.81753674102e+000
  +4.59579860621e+000
  +4.37115766651e+000
  +4.14375580993e+000
  +3.91373666837e+000
  +3.68124552685e+000
  +3.44642923175e+000
  +3.20943609807e+000
  +2.97041581577e+000
  +2.72951935517e+000
  +2.48689887165e+000
  +2.24270760949e+000
  +1.99709980514e+000
  +1.75023058975e+000
  +1.50225589121e+000
  +1.25333233564e+000
  +1.00361714851e+000
  +7.53268055279e-001
  +5.02443181798e-001
  +2.51300954433e-001
  +1.22460635382e-015
  -2.51300954433e-001
  -5.02443181798e-001
  -7.53268055279e-001
  -1.00361714851e+000
  -1.25333233564e+000
  -1.50225589121e+000
  -1.75023058975e+000
  -1.99709980514e+000
  -2.24270760949e+000
  -2.48689887165e+000
  -2.72951935517e+000
  -2.97041581577e+000
  -3.20943609807e+000
  -3.44642923175e+000
  -3.68124552685e+000
  -3.91373666837e+000
  -4.14375580993e+000
  -4.37115766651e+000
  -4.59579860621e+000
  -4.81753674102e+000
  -5.03623201636e+000
  -5.25174629961e+000
  -5.46394346734e+000
  -5.67268949127e+000
  -5.87785252292e+000
  -6.07930297695e+000
  -6.27691361291e+000
  -6.47055961569e+000
  -6.66011867434e+000
  -6.84547105929e+000
  -7.02649969799e+000
  -7.20309024888e+000
  -7.37513117358e+000
  -7.54251380736e+000
  -7.70513242776e+000
  -7.86288432137e+000
  -8.01566984871e+000
  -8.16339250717e+000
  -8.30595899196e+000
  -8.44327925502e+000
  -8.57526656194e+000
  -8.70183754670e+000
  -8.82291226435e+000
  -8.93841424151e+000
  -9.04827052466e+000
  -9.15241172621e+000
  -9.25077206834e+000
  -9.34328942457e+000
  -9.42990535893e+000
  -9.51056516295e+000
  -9.58521789017e+000
  -9.65381638833e+000
  -9.71631732915e+000
  -9.77268123568e+000
  -9.82287250729e+000
  -9.86685944208e+000
  -9.90461425697e+000
  -9.93611310520e+000
  -9.96133609143e+000
  -9.98026728428e+000
  -9.99289472641e+000
  -9.99921044204e+000
  -9.99921044204e+000
  -9.99289472641e+000
  -9.98026728428e+000
  -9.96133609143e+000
  -9.93611310520e+000
  -9.90461425697e+000
  -9.86685944208e+000
  -9.82287250729e+000
  -9.77268123568e+000
  -9.71631732915e+000
  -9.65381638833e+000
  -9.58521789017e+000
  -9.51056516295e+000
  -9.42990535893e+000
  -9.34328942457e+000
  -9.25077206834e+000
  -9.15241172621e+000
  -9.04827052466e+000
  -8.93841424151e+000
  -8.82291226435e+000
  -8.70183754670e+000
  -8.57526656194e+000
  -8.44327925502e+000
  -8.30595899196e+000
  -8.16339250717e+000
  -8.01566984871e+000
  -7.86288432137e+000
  -7.70513242776e+000
  -7.54251380736e+000
  -7.37513117358e+000
  -7.20309024888e+000
  -7.02649969799e+000
  -6.84547105929e+000
  -6.66011867434e+000
  -6.47055961569e+000
  -6.27691361291e+000
  -6.07930297695e+000
  -5.87785252292e+000
  -5.67268949127e+000
  -5.46394346734e+000
  -5.25174629961e+000
  -5.03623201636e+000
  -4.81753674102e+000
  -4.59579860621e+000
  -4.37115766651e+000
  -4.14375580993e+000
  -3.91373666837e+000
  -3.68124552685e+000
  -3.44642923175e+000
  -3.20943609807e+000
  -2.97041581577e+000
  -2.72951935517e+000
  -2.48689887165e+000
  -2.24270760949e+000
  -1.99709980514e+000
  -1.75023058975e+000
  -1.50225589121e+000
  -1.25333233564e+000
  -1.00361714851e+000
  -7.53268055279e-001
  -5.02443181798e-001
  -2.51300954433e-001
  -2.44921270764e-015
  +2.51300954433e-001
  +5.02443181798e-001
  +7.53268055279e-001
  +1.00361714851e+000
  +1.25333233564e+000
  +1.50225589121e+000
  +1.75023058975e+000
  +1.99709980514e+000
  +2.24270760949e+000
  +2.48689887165e+000
  +2.72951935517e+000
  +2.97041581577e+000
  +3.20943609807e+000
  +3.44642923175e+000
  +3.68124552685e+000
  +3.91373666837e+000
  +4.14375580993e+000
  +4.37115766651e+000
  +4.59579860621e+000
  +4.81753674102e+000
  +5.03623201636e+000
  +5.25174629961e+000
  +5.46394346734e+000
  +5.67268949127e+000
  +5.87785252292e+000
  +6.07930297695e+000
  +6.27691361291e+000
  +6.47055961569e+000
  +6.66011867434e+000
  +6.84547105929e+000
  +7.02649969799e+000
  +7.20309024888e+000
  +7.37513117358e+000
  +7.54251380736e+000
  +7.70513242776e+000
  +7.86288432137e+000
  +8.01566984871e+000
  +8.16339250717e+000
  +8.30595899196e+000
  +8.44327925502e+000
  +8.57526656194e+000
  +8.70183754670e+000
  +8.82291226435e+000
  +8.93841424151e+000
  +9.04827052466e+000
  +9.15241172621e+000
  +9.25077206834e+000
  +9.34328942457e+000
  +9.42990535893e+000
  +9.51056516295e+000
  +9.58521789017e+000
  +9.65381638833e+000
  +9.71631732915e+000
  +9.77268123568e+000
  +9.82287250729e+000
  +9.86685944208e+000
  +9.90461425697e+000
  +9.93611310520e+000
  +9.96133609143e+000
  +9.98026728428e+000
  +9.99289472641e+000
  +9.99921044204e+000
  +9.99921044204e+000
  +9.99289472641e+000
  +9.98026728428e+000
  +9.96133609143e+000
  +9.93611310520e+000
  +9.90461425697e+000
  +9.86685944208e+000
  +9.82287250729e+000
  +9.77268123568e+000
  +9.71631732915e+000
  +9.65381638833e+000
  +9.58521789017e+000
  +9.51056516295e+000
  +9.42990535893e+000
  +9.34328942457e+000
  +9.25077206834e+000
  +9.15241172621e+000
  +9.04827052466e+000
  +8.93841424151e+000
  +8.82291226435e+000
  +8.70183754670e+000
  +8.57526656194e+000
  +8.44327925502e+000
  +8.30595899196e+000
  +8.16339250717e+000
  +8.01566984871e+000
  +7.86288432137e+000
  +7.70513242776e+000
  +7.54251380736e+000
  +7.37513117358e+000
  +7.20309024888e+000
  +7.02649969799e+000
  +6.84547105929e+000
  +6.66011867434e+000
  +6.47055961569e+000
  +6.27691361291e+000
  +6.07930297695e+000
  +5.87785252292e+000
  +5.67268949127e+000
  +5.46394346734e+000
  +5.25174629961e+000
  +5.03623201636e+000
  +4.81753674102e+000
  +4.59579860621e+000
  +4.37115766651e+000
  +4.14375580993e+000
  +3.91373666837e+000
  +3.68124552685e+000
  +3.44642923175e+000
  +3.20943609807e+000
  +2.97041581577e+000
  +2.72951935517e+000
  +2.48689887165e+000
  +2.24270760949e+000
  +1.99709980514e+000
  +1.75023058975e+000
  +1.50225589121e+000
  +1.25333233564e+000
  +1.00361714851e+000
  +7.53268055279e-001
  +5.02443181798e-001
  +2.51300954433e-001
  +3.67381906147e-015
  -2.51300954433e-001
  -5.02443181798e-001
  -7.53268055279e-001
  -1.00361714851e+000
  -1.25333233564e+000
  -1.50225589121e+000
  -1.75023058975e+000
  -1.99709980514e+000
  -2.24270760949e+000
  -2.48689887165e+000
  -2.72951935517e+000
  -2.97041581577e+000
  -3.20943609807e+000
  -3.44642923175e+000
  -3.68124552685e+000
  -3.91373666837e+000
  -4.14375580993e+000
  -4.37115766651e+000
  -4.59579860621e+000
  -4.81753674102e+000
  -5.03623201636e+000
  -5.25174629961e+000
  -5.46394346734e+000
  -5.67268949127e+000
  -5.87785252292e+000
  -6.07930297695e+000
  -6.27691361291e+000
  -6.47055961569e+000
  -6.66011867434e+000
  -6.84547105929e+000
  -7.02649969799e+000
  -7.20309024888e+000
  -7.37513117358e+000
  -7.54251380736e+000
  -7.70513242776e+000
  -7.86288432137e+000
  -8.01566984871e+000
  -8.16339250717e+000
  -8.30595899196e+000
  -8.44327925502e+000
  -8.57526656194e+000
  -8.70183754670e+000
  -8.82291226435e+000
  -8.93841424151e+000
  -9.04827052466e+000
  -9.15241172621e+000
  -9.25077206834e+000
  -9.34328942457e+000
  -9.42990535893e+000
  -9.51056516295e+000
  -9.58521789017e+000
  -9.65381638833e+000
  -9.71631732915e+000
  -9.77268123568e+000
  -9.82287250729e+000
  -9.86685944208e+000
  -9.90461425697e+000
  -9.93611310520e+000
  -9.96133609143e+000
  -9.98026728428e+000
  -9.99289472641e+000
  -9.99921044204e+000
  -9.99921044204e+000
  -9.99289472641e+000
  -9.98026728428e+000
  -9.96133609143e+000
  -9.93611310520e+000
  -9.90461425697e+000
  -9.86685944208e+000
  -9.82287250729e+000
  -9.77268123568e+000
  -9.71631732915e+000
  -9.65381638833e+000
  -9.58521789017e+000
  -9.51056516295e+000
  -9.42990535893e+000
  -9.34328942457e+000
  -9.25077206834e+000
  -9.15241172621e+000
  -9.04827052466e+000
  -8.93841424151e+000
  -8.82291226435e+000
  -8.70183754670e+000
  -8.57526656194e+000
  -8.44327925502e+000
  -8.30595899196e+000
  -8.16339250717e+000
  -8.01566984871e+000
  -7.86288432137e+000
  -7.70513242776e+000
  -7.54251380736e+000
  -7.37513117358e+000
  -7.20309024888e+000
  -7.02649969799e+000
  -6.84547105929e+000
  -6.66011867434e+000
  -6.47055961569e+000
  -6.27691361291e+000
  -6.07930297695e+000
  -5.87785252292e+000
  -5.67268949127e+000
  -5.46394346734e+000
  -5.25174629961e+000
  -5.03623201636e+000
  -4.81753674102e+000
  -4.59579860621e+000
  -4.37115766651e+000
  -4.14375580993e+000
  -3.91373666837e+000
  -3.68124552685e+000
  -3.44642923175e+000
  -3.20943609807e+000
  -2.97041581577e+000
  -2.72951935517e+000
  -2.48689887165e+000
  -2.24270760949e+000
  -1.99709980514e+000
  -1.75023058975e+000
  -1.50225589121e+000
  -1.25333233564e+000
  -1.00361714851e+000
  -7.53268055279e-001
  -5.02443181798e-001
  -2.51300954433e-001
  -4.89842541529e-015
</dep>
<dep Vs1.Vt time>
  +0.00000000000e+000
  +1.15104287213e-010
  +6.95722868205e-010
  +2.41881821794e-008
  +2.92334864072e-006
  +3.64483109086e-004
  +3.00087064302e-002
  +2.27290940837e-001
  +4.74365194364e-001
  +7.20205600691e-001
  +9.64663520738e-001
  +1.20758492159e+000
  +1.44881694818e+000
  +1.68820788196e+000
  +1.92560724281e+000
  +2.16086588671e+000
  +2.39383610353e+000
  +2.62437171371e+000
  +2.85232816574e+000
  +3.07756263140e+000
  +3.29993410188e+000
  +3.51930348282e+000
  +3.73553368905e+000
  +3.94848973882e+000
  +4.15803884772e+000
  +4.36405052229e+000
  +4.56639665334e+000
  +4.76495160929e+000
  +4.95959232947e+000
  +5.15019841767e+000
  +5.33665223622e+000
  +5.51883900079e+000
  +5.69664687627e+000
  +5.86996707430e+000
  +6.03869395278e+000
  +6.20272511828e+000
  +6.36196153186e+000
  +6.51630761964e+000
  +6.66567138912e+000
  +6.80996455299e+000
  +6.94910266226e+000
  +7.08300525129e+000
  +7.21159599777e+000
  +7.33480290153e+000
  +7.45255848742e+000
  +7.56480003847e+000
  +7.67146986792e+000
  +7.77251564085e+000
  +7.86789075973e+000
  +7.95755483259e+000
  +8.04147424872e+000
  +8.11962289501e+000
  +8.19198305739e+000
  +8.25854656700e+000
  +8.31931627144e+000
  +8.37430793916e+000
  +8.42355274829e+000
  +8.46710051135e+000
  +8.50502396163e+000
  +8.53742429986e+000
  +8.56443837787e+000
  +8.58624777658e+000
  +8.60308976715e+000
  +8.61526964954e+000
  +8.62317259272e+000
  +8.62727125763e+000
  +8.62812308837e+000
  +8.62635001862e+000
  +8.62259629386e+000
  +8.61746930126e+000
  +8.61148049260e+000
  +8.60500864116e+000
  +8.59829791364e+000
  +8.59148462995e+000
  +8.58463467610e+000
  +8.57777568781e+000
  +8.57091776371e+000
  +8.56406413099e+000
  +8.55721569342e+000
  +8.55037267165e+000
  +8.54353511059e+000
  +8.53670301546e+000
  +8.52987638353e+000
  +8.52305521069e+000
  +8.51623949262e+000
  +8.50942922494e+000
  +8.50262440331e+000
  +8.49582502337e+000
  +8.48903108077e+000
  +8.48224257116e+000
  +8.47545949019e+000
  +8.46868183353e+000
  +8.46190959684e+000
  +8.45514277578e+000
  +8.44838136602e+000
  +8.44162536324e+000
  +8.43487476311e+000
  +8.42812956132e+000
  +8.42138975353e+000
  +8.41465533545e+000
  +8.40792630276e+000
  +8.40120265115e+000
  +8.39448437633e+000
  +8.38777147399e+000
  +8.38106393983e+000
  +8.37436176957e+000
  +8.36766495891e+000
  +8.36097350357e+000
  +8.35428739926e+000
  +8.34760664171e+000
  +8.34093122664e+000
  +8.33426114978e+000
  +8.32759640686e+000
  +8.32093699361e+000
  +8.31428290578e+000
  +8.30763413909e+000
  +8.30099068931e+000
  +8.29435255217e+000
  +8.28771972344e+000
  +8.28109219885e+000
  +8.27446997418e+000
  +8.26785304518e+000
  +8.26124140762e+000
  +8.25463505727e+000
  +8.24803398989e+000
  +8.24143820127e+000
  +8.23484768719e+000
  +8.22826244342e+000
  +8.22168246575e+000
  +8.21510774997e+000
  +8.20853829187e+000
  +8.20197408725e+000
  +8.19541513191e+000
  +8.18886142164e+000
  +8.18231295226e+000
  +8.17576971957e+000
  +8.16923171939e+000
  +8.16269894753e+000
  +8.15617139981e+000
  +8.14964907206e+000
  +8.14313196009e+000
  +8.13662005974e+000
  +8.13011336684e+000
  +8.12361187723e+000
  +8.11711558675e+000
  +8.11062449123e+000
  +8.10413858652e+000
  +8.09765786848e+000
  +8.09118233296e+000
  +8.08471197580e+000
  +8.07824679288e+000
  +8.07178678004e+000
  +8.06533193317e+000
  +8.05888224813e+000
  +8.05243772078e+000
  +8.04599834702e+000
  +8.03956412271e+000
  +8.03313504374e+000
  +8.02671110599e+000
  +8.02029230536e+000
  +8.01387863774e+000
  +8.00747009902e+000
  +8.00106668511e+000
  +7.99466839191e+000
  +7.98827521533e+000
  +7.98188715139e+000
  +7.97550419752e+000
  +7.96912636945e+000
  +7.96275389816e+000
  +7.95638927720e+000
  +7.95005624420e+000
  +7.94395567002e+000
  +7.93956118751e+000
  +7.94495870108e+000
  +7.97989866075e+000
  +8.04577246721e+000
  +8.12037493016e+000
  +8.19212749982e+000
  +8.25857817646e+000
  +8.31932417024e+000
  +8.37431019038e+000
  +8.42355347389e+000
  +8.46710077546e+000
  +8.50502406978e+000
  +8.53742434948e+000
  +8.56443840328e+000
  +8.58624779102e+000
  +8.60308977621e+000
  +8.61526965577e+000
  +8.62317259738e+000
  +8.62727126139e+000
  +8.62812309160e+000
  +8.62635002155e+000
  +8.62259629661e+000
  +8.61746930391e+000
  +8.61148049521e+000
  +8.60500864375e+000
  +8.59829791621e+000
  +8.59148463252e+000
  +8.58463467866e+000
  +8.57777569037e+000
  +8.57091776627e+000
  +8.56406413355e+000
  +8.55721569598e+000
  +8.55037267420e+000
  +8.54353511314e+000
  +8.53670301801e+000
  +8.52987638608e+000
  +8.52305521324e+000
  +8.51623949516e+000
  +8.50942922748e+000
  +8.50262440585e+000
  +8.49582502591e+000
  +8.48903108330e+000
  +8.48224257369e+000
  +8.47545949272e+000
  +8.46868183606e+000
  +8.46190959937e+000
  +8.45514277831e+000
  +8.44838136855e+000
  +8.44162536577e+000
  +8.43487476563e+000
  +8.42812956383e+000
  +8.42138975605e+000
  +8.41465533796e+000
  +8.40792630527e+000
  +8.40120265366e+000
  +8.39448437884e+000
  +8.38777147649e+000
  +8.38106394234e+000
  +8.37436177207e+000
  +8.36766496141e+000
  +8.36097350606e+000
  +8.35428740176e+000
  +8.34760664420e+000
  +8.34093122913e+000
  +8.33426115227e+000
  +8.32759640935e+000
  +8.32093699610e+000
  +8.31428290826e+000
  +8.30763414158e+000
  +8.30099069179e+000
  +8.29435255465e+000
  +8.28771972591e+000
  +8.28109220133e+000
  +8.27446997665e+000
  +8.26785304765e+000
  +8.26124141009e+000
  +8.25463505973e+000
  +8.24803399236e+000
  +8.24143820373e+000
  +8.23484768965e+000
  +8.22826244587e+000
  +8.22168246820e+000
  +8.21510775242e+000
  +8.20853829432e+000
  +8.20197408970e+000
  +8.19541513435e+000
  +8.18886142409e+000
  +8.18231295470e+000
  +8.17576972202e+000
  +8.16923172183e+000
  +8.16269894997e+000
  +8.15617140225e+000
  +8.14964907449e+000
  +8.14313196252e+000
  +8.13662006217e+000
  +8.13011336927e+000
  +8.12361187966e+000
  +8.11711558917e+000
  +8.11062449365e+000
  +8.10413858894e+000
  +8.09765787090e+000
  +8.09118233537e+000
  +8.08471197822e+000
  +8.07824679529e+000
  +8.07178678246e+000
  +8.06533193558e+000
  +8.05888225054e+000
  +8.05243772319e+000
  +8.04599834942e+000
  +8.03956412511e+000
  +8.03313504614e+000
  +8.02671110839e+000
  +8.02029230776e+000
  +8.01387864013e+000
  +8.00747010141e+000
  +8.00106668750e+000
  +7.99466839430e+000
  +7.98827521772e+000
  +7.98188715378e+000
  +7.97550419990e+000
  +7.96912637183e+000
  +7.96275390054e+000
  +7.95638927958e+000
  +7.95005624658e+000
  +7.94395567238e+000
  +7.93956118978e+000
  +7.94495870290e+000
  +7.97989866159e+000
  +8.04577246741e+000
  +8.12037493020e+000
  +8.19212749983e+000
  +8.25857817646e+000
  +8.31932417024e+000
  +8.37431019038e+000
  +8.42355347389e+000
  +8.46710077546e+000
  +8.50502406978e+000
  +8.53742434948e+000
  +8.56443840328e+000
  +8.58624779102e+000
  +8.60308977621e+000
  +8.61526965577e+000
  +8.62317259738e+000
  +8.62727126139e+000
  +8.62812309160e+000
  +8.62635002155e+000
  +8.62259629661e+000
  +8.61746930391e+000
  +8.61148049521e+000
  +8.60500864375e+000
  +8.59829791621e+000
  +8.59148463252e+000
  +8.58463467866e+000
  +8.57777569037e+000
  +8.57091776627e+000
  +8.56406413355e+000
  +8.55721569598e+000
  +8.55037267420e+000
  +8.54353511314e+000
  +8.53670301801e+000
  +8.52987638608e+000
  +8.52305521324e+000
  +8.51623949516e+000
  +8.50942922748e+000
  +8.50262440585e+000
  +8.49582502591e+000
  +8.48903108330e+000
  +8.48224257369e+000
  +8.47545949272e+000
  +8.46868183606e+000
  +8.46190959937e+000
  +8.45514277831e+000
  +8.44838136855e+000
  +8.44162536577e+000
  +8.43487476563e+000
  +8.42812956383e+000
  +8.42138975605e+000
  +8.41465533796e+000
  +8.40792630527e+000
  +8.40120265366e+000
  +8.39448437884e+000
  +8.38777147649e+000
  +8.38106394234e+000
  +8.37436177207e+000
  +8.36766496141e+000
  +8.36097350606e+000
  +8.35428740176e+000
  +8.34760664420e+000
  +8.34093122913e+000
  +8.33426115227e+000
  +8.32759640935e+000
  +8.32093699610e+000
  +8.31428290826e+000
  +8.30763414158e+000
  +8.30099069179e+000
  +8.29435255465e+000
  +8.28771972591e+000
  +8.28109220133e+000
  +8.27446997665e+000
  +8.26785304765e+000
  +8.26124141009e+000
  +8.25463505973e+000
  +8.24803399236e+000
  +8.24143820373e+000
  +8.23484768965e+000
  +8.22826244587e+000
  +8.22168246820e+000
  +8.21510775242e+000
  +8.20853829432e+000
  +8.20197408970e+000
  +8.19541513435e+000
  +8.18886142409e+000
  +8.18231295470e+000
  +8.17576972202e+000
  +8.16923172183e+000
  +8.16269894997e+000
  +8.15617140225e+000
  +8.14964907449e+000
  +8.14313196252e+000
  +8.13662006217e+000
  +8.13011336927e+000
  +8.12361187966e+000
  +8.11711558917e+000
  +8.11062449365e+000
  +8.10413858894e+000
  +8.09765787090e+000
  +8.09118233537e+000
  +8.08471197822e+000
  +8.07824679529e+000
  +8.07178678246e+000
  +8.06533193558e+000
  +8.05888225054e+000
  +8.05243772319e+000
  +8.04599834942e+000
  +8.03956412511e+000
  +8.03313504614e+000
  +8.02671110839e+000
  +8.02029230776e+000
  +8.01387864013e+000
  +8.00747010141e+000
  +8.00106668750e+000
  +7.99466839430e+000
  +7.98827521772e+000
  +7.98188715378e+000
  +7.97550419990e+000
  +7.96912637183e+000
  +7.96275390054e+000
  +7.95638927958e+000
  +7.95005624658e+000
  +7.94395567238e+000
  +7.93956118978e+000
  +7.94495870290e+000
  +7.97989866159e+000
  +8.04577246741e+000
  +8.12037493020e+000
  +8.19212749983e+000
  +8.25857817646e+000
  +8.31932417024e+000
  +8.37431019038e+000
  +8.42355347389e+000
  +8.46710077546e+000
  +8.50502406978e+000
  +8.53742434948e+000
  +8.56443840328e+000
  +8.58624779102e+000
  +8.60308977621e+000
  +8.61526965577e+000
  +8.62317259738e+000
  +8.62727126139e+000
  +8.62812309160e+000
  +8.62635002155e+000
  +8.62259629661e+000
  +8.61746930391e+000
  +8.61148049521e+000
  +8.60500864375e+000
  +8.59829791621e+000
  +8.59148463252e+000
  +8.58463467866e+000
  +8.57777569037e+000
  +8.57091776627e+000
  +8.56406413355e+000
  +8.55721569598e+000
  +8.55037267420e+000
  +8.54353511314e+000
  +8.53670301801e+000
  +8.52987638608e+000
  +8.52305521324e+000
  +8.51623949516e+000
  +8.50942922748e+000
  +8.50262440585e+000
  +8.49582502591e+000
  +8.48903108330e+000
  +8.48224257369e+000
  +8.47545949272e+000
  +8.46868183606e+000
  +8.46190959937e+000
  +8.45514277831e+000
  +8.44838136855e+000
  +8.44162536577e+000
  +8.43487476563e+000
  +8.42812956383e+000
  +8.42138975605e+000
  +8.41465533796e+000
  +8.40792630527e+000
  +8.40120265366e+000
  +8.39448437884e+000
  +8.38777147649e+000
  +8.38106394233e+000
  +8.37436177207e+000
  +8.36766496141e+000
  +8.36097350606e+000
  +8.35428740176e+000
  +8.34760664420e+000
  +8.34093122913e+000
  +8.33426115227e+000
  +8.32759640935e+000
  +8.32093699610e+000
  +8.31428290826e+000
  +8.30763414158e+000
  +8.30099069179e+000
  +8.29435255465e+000
  +8.28771972591e+000
  +8.28109220133e+000
  +8.27446997665e+000
  +8.26785304765e+000
  +8.26124141009e+000
  +8.25463505973e+000
  +8.24803399236e+000
  +8.24143820373e+000
</dep>
<dep V1.It time>
  +0.00000000000e+000
  -6.37081063737e-011
  -8.28451980832e-011
  -2.19563516580e-009
  -2.69218216130e-007
  -3.34545777675e-005
  -2.32443628780e-003
  -6.19605261388e-003
  -6.17153013871e-003
  -6.14382852132e-003
  -6.11222398121e-003
  -6.07675418844e-003
  -6.03744297784e-003
  -5.99431705348e-003
  -5.94740557878e-003
  -5.89674019846e-003
  -5.84235500706e-003
  -5.78428659112e-003
  -5.72257391900e-003
  -5.65725843161e-003
  -5.58838398024e-003
  -5.51599682779e-003
  -5.44014563924e-003
  -5.36088147339e-003
  -5.27825777612e-003
  -5.19233037567e-003
  -5.10315748042e-003
  -5.01079968005e-003
  -4.91531995090e-003
  -4.81678366645e-003
  -4.71525861441e-003
  -4.61081502171e-003
  -4.50352558940e-003
  -4.39346553969e-003
  -4.28071267800e-003
  -4.16534747339e-003
  -4.04745316186e-003
  -3.92711587790e-003
  -3.80442482105e-003
  -3.67947246646e-003
  -3.55235483011e-003
  -3.42317180333e-003
  -3.29202757463e-003
  -3.15903116297e-003
  -3.02429709338e-003
  -2.88794625612e-003
  -2.75010700367e-003
  -2.61091655792e-003
  -2.47052282463e-003
  -2.32908674592e-003
  -2.18678536790e-003
  -2.04381586396e-003
  -1.90040084031e-003
  -1.75679536749e-003
  -1.61329633477e-003
  -1.47025492018e-003
  -1.32809301392e-003
  -1.18732585733e-003
  -1.04858998766e-003
  -9.12680293417e-004
  -7.80594532479e-004
  -6.53582708313e-004
  -5.33192261989e-004
  -4.21286407174e-004
  -3.19997147087e-004
  -2.31554460168e-004
  -1.57936770180e-004
  -1.00348951131e-004
  -5.86765128651e-005
  -3.12178430220e-005
  -1.49703810252e-005
  -6.42696248805e-006
  -2.46000636844e-006
  -8.37867717809e-007
  -2.53799382998e-007
  -6.83857165809e-008
  -1.63939284304e-008
  -3.49019060255e-009
  -6.50030510754e-010
  -9.44983189000e-011
  +2.36888760619e-012
  +1.75795616144e-011
  +1.98616652034e-011
  +2.03133356658e-011
  +2.05271687948e-011
  +2.07071156917e-011
  +2.08775074907e-011
  +2.10407972293e-011
  +2.11982479425e-011
  +2.13500556265e-011
  +2.14965404276e-011
  +2.16380448522e-011
  +2.17748225894e-011
  +2.19067301966e-011
  +2.20346004538e-011
  +2.21578557629e-011
  +2.22770014164e-011
  +2.23920095482e-011
  +2.25031096283e-011
  +2.26101208006e-011
  +2.27134991086e-011
  +2.28126681478e-011
  +2.29085650239e-011
  +2.30004065068e-011
  +2.30884287156e-011
  +2.31729187956e-011
  +2.32538316877e-011
  +2.33311337242e-011
  +2.34046876436e-011
  +2.34750182303e-011
  +2.35417048023e-011
  +2.36049061421e-011
  +2.36646170633e-011
  +2.37208180777e-011
  +2.37736158411e-011
  +2.38232372546e-011
  +2.38692202926e-011
  +2.39122045027e-011
  +2.39515262990e-011
  +2.39878487810e-011
  +2.40209187094e-011
  +2.40508301332e-011
  +2.40777982441e-011
  +2.41013960998e-011
  +2.41220112628e-011
  +2.41397804419e-011
  +2.41543831237e-011
  +2.41665177309e-011
  +2.41754463138e-011
  +2.41821630375e-011
  +2.41858272872e-011
  +2.41871807537e-011
  +2.41859475686e-011
  +2.41827082454e-011
  +2.41772936207e-011
  +2.41695672932e-011
  +2.41601638861e-011
  +2.41489384636e-011
  +2.41364592200e-011
  +2.41221887346e-011
  +2.41071005089e-011
  +2.40913664024e-011
  +2.40748641473e-011
  +2.40584059837e-011
  +2.40422690444e-011
  +2.40264494711e-011
  +2.40120345783e-011
  +2.39993257927e-011
  +2.39889685018e-011
  +2.39816481048e-011
  +2.39787161809e-011
  +2.39808051779e-011
  +2.39892778134e-011
  +2.40054489090e-011
  +2.40314112255e-011
  +2.40692641928e-011
  +2.41213252339e-011
  +2.41911003443e-011
  +2.42827117947e-011
  +2.44010414778e-011
  +2.45530250147e-011
  +2.47471526889e-011
  +2.49958901917e-011
  +2.53374465509e-011
  +2.61856624570e-011
  +3.37592322147e-011
  +1.36042936295e-010
  +1.45513518284e-009
  +1.68168722757e-008
  +1.77299913474e-007
  +1.67722295900e-006
  +1.41440297455e-005
  +1.03198625303e-004
  +5.56477267624e-004
  +1.51184055044e-003
  +2.01234646728e-003
  +2.01430372597e-003
  +1.89509921756e-003
  +1.75572167332e-003
  +1.61304989145e-003
  +1.47019090637e-003
  +1.32807437644e-003
  +1.18731979267e-003
  +1.04858779463e-003
  +9.12679417785e-004
  +7.80594149288e-004
  +6.53582526147e-004
  +5.33192168913e-004
  +4.21286356734e-004
  +3.19997118565e-004
  +2.31554443674e-004
  +1.57936760662e-004
  +1.00348945815e-004
  +5.86765101066e-005
  +3.12178417812e-005
  +1.49703806325e-005
  +6.42696252884e-006
  +2.46000660808e-006
  +8.37868038416e-007
  +2.53799732529e-007
  +6.83860754201e-008
  +1.63942898243e-008
  +3.49055246028e-009
  +6.50392811943e-010
  +9.48604309317e-011
  -2.00692010393e-012
  -1.72172922395e-011
  -1.94994811362e-011
  -1.99511711066e-011
  -2.01649753338e-011
  -2.03450893878e-011
  -2.05152405042e-011
  -2.06786042388e-011
  -2.08362914920e-011
  -2.09880356156e-011
  -2.11345090492e-011
  -2.12761340934e-011
  -2.14126701484e-011
  -2.15445882036e-011
  -2.16722579206e-011
  -2.17957014574e-011
  -2.19149698549e-011
  -2.20299462437e-011
  -2.21408877338e-011
  -2.22481685830e-011
  -2.23511842001e-011
  -2.24505549903e-011
  -2.25462361678e-011
  -2.26380764368e-011
  -2.27263779519e-011
  -2.28107862625e-011
  -2.28915919215e-011
  -2.29688086997e-011
  -2.30428287126e-011
  -2.31129343373e-011
  -2.31796377697e-011
  -2.32426500030e-011
  -2.33023508875e-011
  -2.33586983322e-011
  -2.34114935838e-011
  -2.34609514108e-011
  -2.35073057149e-011
  -2.35500141244e-011
  -2.35895040730e-011
  -2.36258793407e-011
  -2.36589828832e-011
  -2.36887169763e-011
  -2.37154870002e-011
  -2.37390838994e-011
  -2.37597859833e-011
  -2.37774790196e-011
  -2.37923231865e-011
  -2.38040589212e-011
  -2.38133818307e-011
  -2.38198243415e-011
  -2.38236338841e-011
  -2.38248991541e-011
  -2.38240356117e-011
  -2.38206457384e-011
  -2.38150165593e-011
  -2.38073437728e-011
  -2.37980217047e-011
  -2.37868065868e-011
  -2.37742184632e-011
  -2.37601925221e-011
  -2.37450707722e-011
  -2.37291987583e-011
  -2.37129793019e-011
  -2.36961621716e-011
  -2.36801156328e-011
  -2.36643017155e-011
  -2.36499702234e-011
  -2.36371301635e-011
  -2.36268050723e-011
  -2.36197311586e-011
  -2.36167392781e-011
  -2.36185844023e-011
  -2.36271737460e-011
  -2.36433477473e-011
  -2.36693069699e-011
  -2.37069445469e-011
  -2.37593105904e-011
  -2.38288409100e-011
  -2.39205747408e-011
  -2.40388297485e-011
  -2.41908396083e-011
  -2.43849168215e-011
  -2.46337911476e-011
  -2.49754377086e-011
  -2.58237382810e-011
  -3.33970546008e-011
  -1.35680886287e-010
  -1.45477302819e-009
  -1.68165093670e-008
  -1.77299543127e-007
  -1.67722251998e-006
  -1.41440287378e-005
  -1.03198620408e-004
  -5.56477247716e-004
  -1.51184052548e-003
  -2.01234645898e-003
  -2.01430372413e-003
  -1.89509921693e-003
  -1.75572167291e-003
  -1.61304989108e-003
  -1.47019090600e-003
  -1.32807437607e-003
  -1.18731979231e-003
  -1.04858779426e-003
  -9.12679417423e-004
  -7.80594148926e-004
  -6.53582525785e-004
  -5.33192168551e-004
  -4.21286356372e-004
  -3.19997118203e-004
  -2.31554443312e-004
  -1.57936760300e-004
  -1.00348945453e-004
  -5.86765097445e-005
  -3.12178414189e-005
  -1.49703802704e-005
  -6.42696216679e-006
  -2.46000624584e-006
  -8.37867676242e-007
  -2.53799370497e-007
  -6.83857132116e-008
  -1.63939275386e-008
  -3.49019031265e-009
  -6.50030553306e-010
  -9.44983282476e-011
  +2.36893143978e-012
  +1.75795023485e-011
  +1.98616582925e-011
  +2.03133071197e-011
  +2.05270022807e-011
  +2.07071670266e-011
  +2.08774032402e-011
  +2.10410767385e-011
  +2.11982605448e-011
  +2.13502063616e-011
  +2.14965794514e-011
  +2.16380739819e-011
  +2.17746920920e-011
  +2.19067601668e-011
  +2.20345037780e-011
  +2.21578323209e-011
  +2.22768698526e-011
  +2.23920418473e-011
  +2.25031186282e-011
  +2.26102703907e-011
  +2.27132343563e-011
  +2.28127061795e-011
  +2.29083928898e-011
  +2.30003459342e-011
  +2.30884635746e-011
  +2.31728917622e-011
  +2.32539249981e-011
  +2.33311017661e-011
  +2.34048185858e-011
  +2.34749297326e-011
  +2.35416057672e-011
  +2.36049077147e-011
  +2.36644990484e-011
  +2.37207696978e-011
  +2.37735633655e-011
  +2.38232207111e-011
  +2.38692402329e-011
  +2.39121863085e-011
  +2.39516630967e-011
  +2.39878527172e-011
  +2.40208804068e-011
  +2.40508196499e-011
  +2.40776759221e-011
  +2.41012980065e-011
  +2.41218975893e-011
  +2.41395593342e-011
  +2.41543523157e-011
  +2.41664964442e-011
  +2.41755323849e-011
  +2.41819660601e-011
  +2.41857727531e-011
  +2.41873532388e-011
  +2.41861027456e-011
  +2.41827085199e-011
  +2.41771964778e-011
  +2.41695518580e-011
  +2.41601572816e-011
  +2.41489445444e-011
  +2.41363067272e-011
  +2.41221708186e-011
  +2.41072953169e-011
  +2.40913500434e-011
  +2.40748374116e-011
  +2.40585599880e-011
  +2.40420966991e-011
  +2.40264720627e-011
  +2.40119678291e-011
  +2.39992507535e-011
  +2.39889240944e-011
  +2.39818499605e-011
  +2.39786002491e-011
  +2.39807238840e-011
  +2.39890460015e-011
  +2.40054945798e-011
  +2.40313789475e-011
  +2.40692043193e-011
  +2.41213744512e-011
  +2.41912424918e-011
  +2.42828656637e-011
  +2.44010879825e-011
  +2.45531388874e-011
  +2.47470889392e-011
  +2.49959445952e-011
  +2.53375225246e-011
  +2.61857544902e-011
  +3.37592627064e-011
  +1.36042950253e-010
  +1.45513505279e-009
  +1.68168716601e-008
  +1.77299905299e-007
  +1.67722288208e-006
  +1.41440290999e-005
  +1.03198620770e-004
  +5.56477248078e-004
  +1.51184052584e-003
  +2.01234645935e-003
  +2.01430372450e-003
  +1.89509921729e-003
  +1.75572167327e-003
  +1.61304989144e-003
  +1.47019090637e-003
  +1.32807437643e-003
  +1.18731979267e-003
  +1.04858779463e-003
  +9.12679417785e-004
  +7.80594149288e-004
  +6.53582526147e-004
  +5.33192168913e-004
  +4.21286356735e-004
  +3.19997118565e-004
  +2.31554443674e-004
  +1.57936760662e-004
  +1.00348945815e-004
  +5.86765101065e-005
  +3.12178417812e-005
  +1.49703806325e-005
  +6.42696252892e-006
  +2.46000660803e-006
  +8.37868038195e-007
  +2.53799732553e-007
  +6.83860753332e-008
  +1.63942897941e-008
  +3.49055241216e-009
  +6.50392641936e-010
  +9.48603679524e-011
  -2.00690034196e-012
  -1.72173917921e-011
  -1.94995029945e-011
  -1.99511587323e-011
  -2.01650475793e-011
  -2.03450397175e-011
  -2.05151868419e-011
  -2.06785574190e-011
  -2.08361014312e-011
  -2.09879593897e-011
  -2.11345728285e-011
  -2.12760214979e-011
  -2.14124773951e-011
  -2.15447332841e-011
  -2.16723664958e-011
  -2.17957669812e-011
  -2.19146561115e-011
  -2.20297954375e-011
  -2.21409410753e-011
  -2.22482252411e-011
  -2.23510878958e-011
  -2.24507202489e-011
  -2.25462499660e-011
  -2.26379493502e-011
  -2.27263222892e-011
  -2.28107656184e-011
  -2.28918442099e-011
  -2.29689486446e-011
  -2.30427186673e-011
  -2.31127777292e-011
  -2.31794186067e-011
  -2.32428071630e-011
  -2.33024805327e-011
  -2.33587529047e-011
  -2.34114731939e-011
  -2.34610939785e-011
  -2.35072548938e-011
  -2.35499477556e-011
  -2.35894999867e-011
  -2.36258317201e-011
  -2.36589354078e-011
  -2.36888554668e-011
  -2.37155094774e-011
  -2.37391722045e-011
  -2.37599942672e-011
  -2.37775263354e-011
</dep>
<dep _net1.Vt time>
  +0.00000000000e+000
  +1.25650477088e-001
  +2.51221591100e-001
  +3.76634015085e-001
  +5.01807112578e-001
  +6.26483926267e-001
  +7.36123592389e-001
  +7.61469824458e-001
  +7.61367305390e-001
  +7.61251004401e-001
  +7.61117675455e-001
  +7.60967216790e-001
  +7.60799433797e-001
  +7.60614108054e-001
  +7.60410994466e-001
  +7.60189820070e-001
  +7.59950282421e-001
  +7.59692048109e-001
  +7.59414750383e-001
  +7.59117987406e-001
  +7.58801319568e-001
  +7.58464266767e-001
  +7.58106305281e-001
  +7.57726864262e-001
  +7.57325321772e-001
  +7.56901000318e-001
  +7.56453161802e-001
  +7.55981001806e-001
  +7.55483643113e-001
  +7.54960128337e-001
  +7.54409411531e-001
  +7.53830348599e-001
  +7.53221686304e-001
  +7.52582049643e-001
  +7.51909927288e-001
  +7.51203654738e-001
  +7.50461394752e-001
  +7.49681114534e-001
  +7.48860559024e-001
  +7.47997219484e-001
  +7.47088296381e-001
  +7.46130655322e-001
  +7.45120774465e-001
  +7.44054681410e-001
  +7.42927877049e-001
  +7.41735243097e-001
  +7.40470929146e-001
  +7.39128213746e-001
  +7.37699332416e-001
  +7.36175263167e-001
  +7.34545457117e-001
  +7.32797497583e-001
  +7.30916665469e-001
  +7.28885381071e-001
  +7.26682482121e-001
  +7.24282284064e-001
  +7.21653346893e-001
  +7.18756872810e-001
  +7.15544571785e-001
  +7.11955895787e-001
  +7.07914453205e-001
  +7.03323474911e-001
  +6.98060337445e-001
  +6.91970396250e-001
  +6.84861066844e-001
  +6.76498013328e-001
  +6.66606501533e-001
  +6.54881543289e-001
  +6.41008981552e-001
  +6.24695070410e-001
  +6.05696007341e-001
  +5.83836297258e-001
  +5.59009707754e-001
  +5.31165879193e-001
  +5.00291607041e-001
  +4.66394737593e-001
  +4.29493797500e-001
  +3.89612645766e-001
  +3.46778186495e-001
  +3.01019524386e-001
  +2.52367675011e-001
  +2.00855721166e-001
  +1.46517673771e-001
  +8.93906246364e-002
  +2.95130974783e-002
  -3.30754598532e-002
  -9.83329812912e-002
  -1.66216717529e-001
  -2.36680935290e-001
  -3.09679389806e-001
  -3.85163956165e-001
  -4.63084862986e-001
  -5.43389683640e-001
  -6.26026897349e-001
  -7.10941118075e-001
  -7.98077675576e-001
  -8.87378597318e-001
  -9.78785537784e-001
  -1.07223823840e+000
  -1.16767661565e+000
  -1.26503751434e+000
  -1.36425766301e+000
  -1.46527108877e+000
  -1.56801345132e+000
  -1.67241656512e+000
  -1.77841313309e+000
  -1.88593394590e+000
  -1.99490869083e+000
  -2.10526686191e+000
  -2.21693567373e+000
  -2.32984370083e+000
  -2.44391676181e+000
  -2.55908121082e+000
  -2.67526185221e+000
  -2.79238295085e+000
  -2.91036886540e+000
  -3.02914348620e+000
  -3.14862855228e+000
  -3.26874681984e+000
  -3.38942041289e+000
  -3.51057108041e+000
  -3.63212034182e+000
  -3.75398886639e+000
  -3.87609786589e+000
  -3.99836865158e+000
  -4.12072099925e+000
  -4.24307644884e+000
  -4.36535431094e+000
  -4.48747709331e+000
  -4.60936335606e+000
  -4.73093636577e+000
  -4.85211621638e+000
  -4.97282426594e+000
  -5.09298162200e+000
  -5.21251113117e+000
  -5.33133552655e+000
  -5.44937691470e+000
  -5.56655871663e+000
  -5.68280471925e+000
  -5.79803989522e+000
  -5.91218927591e+000
  -6.02517876742e+000
  -6.13693503090e+000
  -6.24738522372e+000
  -6.35645767261e+000
  -6.46408148797e+000
  -6.57018582691e+000
  -6.67470261867e+000
  -6.77756338276e+000
  -6.87870145246e+000
  -6.97805038620e+000
  -7.07554587543e+000
  -7.17112381811e+000
  -7.26472193223e+000
  -7.35627920824e+000
  -7.44573569298e+000
  -7.53303312388e+000
  -7.61811378749e+000
  -7.70092232011e+000
  -7.78140434680e+000
  -7.85950677754e+000
  -7.93517836545e+000
  -8.00836953882e+000
  -8.07903167756e+000
  -8.14711819022e+000
  -8.21258399574e+000
  -8.27538540017e+000
  -8.33548195690e+000
  -8.39283308127e+000
  -8.44740175936e+000
  -8.49916338443e+000
  -8.54818369812e+000
  -8.59516662793e+000
  -8.64412406282e+000
  -8.70490200984e+000
  -8.77816881508e+000
  -8.85279641017e+000
  -8.92297194408e+000
  -8.98744775280e+000
  -9.04600270296e+000
  -9.09859134883e+000
  -9.14520645798e+000
  -9.18585751621e+000
  -9.22056858749e+000
  -9.24938022046e+000
  -9.27235284378e+000
  -9.28957125871e+000
  -9.30115010912e+000
  -9.30724004891e+000
  -9.30803366189e+000
  -9.30376927284e+000
  -9.29472959152e+000
  -9.28123156337e+000
  -9.26360527679e+000
  -9.24216437300e+000
  -9.21717650125e+000
  -9.18884493972e+000
  -9.15730762268e+000
  -9.12265051042e+000
  -9.08492628443e+000
  -9.04417042668e+000
  -9.00041156250e+000
  -8.95367677933e+000
  -8.90399387656e+000
  -8.85139220640e+000
  -8.79590284811e+000
  -8.73755872889e+000
  -8.67639466029e+000
  -8.61244689280e+000
  -8.54575371973e+000
  -8.47635496305e+000
  -8.40429257868e+000
  -8.32960942237e+000
  -8.25235143666e+000
  -8.17256469028e+000
  -8.09029716256e+000
  -8.00559872031e+000
  -7.91852117300e+000
  -7.82911693048e+000
  -7.73744061991e+000
  -7.64354832901e+000
  -7.54749698944e+000
  -7.44934451682e+000
  -7.34915149049e+000
  -7.24697916218e+000
  -7.14288915909e+000
  -7.03694601245e+000
  -6.92921365383e+000
  -6.81975855597e+000
  -6.70864751280e+000
  -6.59594862065e+000
  -6.48173108094e+000
  -6.36606491621e+000
  -6.24902127756e+000
  -6.13067137668e+000
  -6.01108823438e+000
  -5.89034544098e+000
  -5.76851649799e+000
  -5.64567683199e+000
  -5.52190177644e+000
  -5.39726762621e+000
  -5.27185025379e+000
  -5.14572741719e+000
  -5.01897625058e+000
  -4.89167553941e+000
  -4.76390276214e+000
  -4.63573688410e+000
  -4.50725632473e+000
  -4.37854030383e+000
  -4.24966916225e+000
  -4.12072111821e+000
  -3.99177546337e+000
  -3.86291109654e+000
  -3.73420891589e+000
  -3.60574695538e+000
  -3.47760487408e+000
  -3.34986107145e+000
  -3.22259444238e+000
  -3.09588298146e+000
  -2.96980477640e+000
  -2.84443728756e+000
  -2.71985782234e+000
  -2.59614263726e+000
  -2.47336886626e+000
  -2.35161110036e+000
  -2.23094426801e+000
  -2.11144298377e+000
  -1.99317990037e+000
  -1.87622812270e+000
  -1.76065954700e+000
  -1.64654497123e+000
  -1.53395470995e+000
  -1.42295727665e+000
  -1.31362037177e+000
  -1.20601219543e+000
  -1.10019802592e+000
  -9.96242571381e-001
  -8.94210124928e-001
  -7.94162406284e-001
  -6.96160728776e-001
  -6.00264944012e-001
  -5.06534013915e-001
  -4.15024071631e-001
  -3.25791763507e-001
  -2.38890924876e-001
  -1.54374820836e-001
  -7.22945572127e-002
  +7.30010896174e-003
  +8.43607893848e-002
  +1.58840353376e-001
  +2.30695120189e-001
  +2.99881147053e-001
  +3.66355583096e-001
  +4.30079181722e-001
  +4.91012480959e-001
  +5.49107139039e-001
  +6.04228026912e-001
  +6.55605439283e-001
  +6.99165360834e-001
  +7.25003348669e-001
  +7.32396347768e-001
  +7.32421479989e-001
  +7.30844444252e-001
  +7.28869576345e-001
  +7.26678532719e-001
  +7.24281158455e-001
  +7.21652984095e-001
  +7.18756740754e-001
  +7.15544517708e-001
  +7.11955870974e-001
  +7.07914440502e-001
  +7.03323467691e-001
  +6.98060332914e-001
  +6.91970393133e-001
  +6.84861064511e-001
  +6.76498011446e-001
  +6.66606499916e-001
  +6.54881541826e-001
  +6.41008980177e-001
  +6.24695069083e-001
  +6.05696006037e-001
  +5.83836295966e-001
  +5.59009706468e-001
  +5.31165877906e-001
  +5.00291605743e-001
  +4.66394736284e-001
  +4.29493796264e-001
  +3.89612644972e-001
  +3.46778181136e-001
  +3.01019520494e-001
  +2.52367717271e-001
  +2.00855564137e-001
  +1.46517729777e-001
  +8.93909939485e-002
  +2.95135083287e-002
  -3.30748298480e-002
  -9.83324402741e-002
  -1.66215759541e-001
  -2.36680120195e-001
  -3.09678136430e-001
  -3.85162471299e-001
  -4.63082785841e-001
  -5.43388470925e-001
  -6.26025142687e-001
  -7.10939683473e-001
  -7.98075933543e-001
  -8.87376429158e-001
  -9.78783688636e-001
  -1.07223709535e+000
  -1.16767524226e+000
  -1.26503637050e+000
  -1.36425598811e+000
  -1.46526961554e+000
  -1.56801190249e+000
  -1.67241552111e+000
  -1.77841208485e+000
  -1.88593257745e+000
  -1.99490713990e+000
  -2.10526490756e+000
  -2.21693434047e+000
  -2.32984172532e+000
  -2.44391509186e+000
  -2.55907942638e+000
  -2.67525988657e+000
  -2.79238114957e+000
  -2.91036665527e+000
  -3.02914039762e+000
  -3.14862506090e+000
  -3.26874306520e+000
  -3.38941645901e+000
  -3.51056721079e+000
  -3.63211655428e+000
  -3.75398531073e+000
  -3.87609473231e+000
  -3.99836501476e+000
  -4.12071752765e+000
  -4.24307299521e+000
  -4.36535090233e+000
  -4.48747319583e+000
  -4.60936045360e+000
  -4.73093333910e+000
  -4.85211310171e+000
  -4.97282094202e+000
  -5.09297852681e+000
  -5.21250808374e+000
  -5.33133238689e+000
  -5.44937351682e+000
  -5.56655538972e+000
  -5.68280186142e+000
  -5.79803755153e+000
  -5.91218693006e+000
  -6.02517698468e+000
  -6.13693336440e+000
  -6.24738338125e+000
  -6.35645566748e+000
  -6.46407890275e+000
  -6.57018355236e+000
  -6.67470047620e+000
  -6.77756099265e+000
  -6.87869863759e+000
  -6.97804764272e+000
  -7.07554300963e+000
  -7.17112136824e+000
  -7.26471943419e+000
  -7.35627700160e+000
  -7.44573361544e+000
  -7.53303087401e+000
  -7.61811156477e+000
  -7.70092004739e+000
  -7.78140194436e+000
  -7.85950453027e+000
  -7.93517613229e+000
  -8.00836681329e+000
  -8.07902909763e+000
  -8.14711584263e+000
  -8.21258232936e+000
  -8.27538536157e+000
  -8.33548195676e+000
  -8.39283308202e+000
  -8.44740176053e+000
  -8.49916338562e+000
  -8.54818369930e+000
  -8.59516662906e+000
  -8.64412406373e+000
  -8.70490201026e+000
  -8.77816881518e+000
  -8.85279641018e+000
  -8.92297194408e+000
  -8.98744775280e+000
  -9.04600270296e+000
  -9.09859134883e+000
  -9.14520645798e+000
  -9.18585751621e+000
  -9.22056858749e+000
  -9.24938022046e+000
  -9.27235284378e+000
  -9.28957125871e+000
  -9.30115010912e+000
  -9.30724004891e+000
  -9.30803366189e+000
  -9.30376927284e+000
  -9.29472959152e+000
  -9.28123156337e+000
  -9.26360527679e+000
  -9.24216437300e+000
  -9.21717650125e+000
  -9.18884493971e+000
  -9.15730762268e+000
  -9.12265051043e+000
  -9.08492628441e+000
  -9.04417042666e+000
  -9.00041156235e+000
  -8.95367677881e+000
  -8.90399387896e+000
  -8.85139220782e+000
  -8.79590281777e+000
  -8.73755854000e+000
  -8.67639431550e+000
  -8.61244624950e+000
  -8.54575305168e+000
  -8.47635432839e+000
  -8.40429166889e+000
  -8.32960892662e+000
  -8.25235050788e+000
  -8.17256319427e+000
  -8.09029585608e+000
  -8.00559763896e+000
  -7.91852014514e+000
  -7.82911664377e+000
  -7.73744054518e+000
  -7.64354789070e+000
  -7.54749637258e+000
  -7.44934447156e+000
  -7.34915173725e+000
  -7.24697919671e+000
  -7.14288913005e+000
  -7.03694604306e+000
  -6.92921346705e+000
  -6.81975850696e+000
  -6.70864768027e+000
  -6.59594922540e+000
  -6.48173170404e+000
  -6.36606543533e+000
  -6.24902096398e+000
  -6.13067095865e+000
  -6.01108776991e+000
  -5.89034518966e+000
  -5.76851630900e+000
  -5.64567674930e+000
  -5.52190109809e+000
  -5.39726674116e+000
  -5.27184912015e+000
  -5.14572592868e+000
  -5.01897487995e+000
  -4.89167369215e+000
  -4.76390106200e+000
  -4.63573514578e+000
  -4.50725476102e+000
  -4.37853926893e+000
  -4.24966731183e+000
  -4.12071868883e+000
</dep>
<dep _net2.Vt time>
  +0.00000000000e+000
  +1.25650477203e-001
  +2.51221591796e-001
  +3.76634039273e-001
  +5.01810035926e-001
  +6.26848409376e-001
  +7.66132298819e-001
  +9.88760765295e-001
  +1.23573249975e+000
  +1.48145660509e+000
  +1.72578119619e+000
  +1.96855213838e+000
  +2.20961638197e+000
  +2.44882199002e+000
  +2.68601823728e+000
  +2.92105570678e+000
  +3.15378638595e+000
  +3.38406376182e+000
  +3.61174291613e+000
  +3.83668061881e+000
  +4.05873542145e+000
  +4.27776774959e+000
  +4.49363999433e+000
  +4.70621660308e+000
  +4.91536416950e+000
  +5.12095152261e+000
  +5.32284981514e+000
  +5.52093261110e+000
  +5.71507597258e+000
  +5.90515854601e+000
  +6.09106164776e+000
  +6.27266934939e+000
  +6.44986856258e+000
  +6.62254912394e+000
  +6.79060388007e+000
  +6.95392877302e+000
  +7.11242292661e+000
  +7.26598873418e+000
  +7.41453194815e+000
  +7.55796177247e+000
  +7.69619095864e+000
  +7.82913590661e+000
  +7.95671677223e+000
  +8.07885758294e+000
  +8.19548636446e+000
  +8.30653528156e+000
  +8.41194079706e+000
  +8.51164385460e+000
  +8.60559009215e+000
  +8.69373009576e+000
  +8.77601970583e+000
  +8.85242039259e+000
  +8.92289972286e+000
  +8.98743194808e+000
  +9.04599875356e+000
  +9.09859022322e+000
  +9.14520609519e+000
  +9.18585738416e+000
  +9.22056853342e+000
  +9.24938019564e+000
  +9.27235283108e+000
  +9.28957125149e+000
  +9.30115010459e+000
  +9.30724004579e+000
  +9.30803365956e+000
  +9.30376927095e+000
  +9.29472958990e+000
  +9.28123156191e+000
  +9.26360527541e+000
  +9.24216437167e+000
  +9.21717649995e+000
  +9.18884493842e+000
  +9.15730762139e+000
  +9.12265050914e+000
  +9.08492628314e+000
  +9.04417042540e+000
  +9.00041156121e+000
  +8.95367677675e+000
  +8.90399387992e+000
  +8.85139219603e+000
  +8.79590278560e+000
  +8.73755873662e+000
  +8.67639405730e+000
  +8.61244583533e+000
  +8.54575259009e+000
  +8.47635376509e+000
  +8.40429142202e+000
  +8.32960830584e+000
  +8.25235014548e+000
  +8.17256318135e+000
  +8.09029553403e+000
  +8.00559697055e+000
  +7.91851991320e+000
  +7.82911587843e+000
  +7.73744024795e+000
  +7.64354768767e+000
  +7.54749616580e+000
  +7.44934402353e+000
  +7.34915151513e+000
  +7.24697871980e+000
  +7.14288878842e+000
  +7.03694498814e+000
  +6.92921328756e+000
  +6.81975802267e+000
  +6.70864737472e+000
  +6.59594863648e+000
  +6.48173101300e+000
  +6.36606481273e+000
  +6.24902053735e+000
  +6.13067096798e+000
  +6.01108752581e+000
  +5.89034438797e+000
  +5.76851519604e+000
  +5.64567514140e+000
  +5.52189995493e+000
  +5.39726527369e+000
  +5.27184720311e+000
  +5.14572399989e+000
  +5.01897290360e+000
  +4.89167178596e+000
  +4.76389889377e+000
  +4.63573270336e+000
  +4.50725254123e+000
  +4.37853719138e+000
  +4.24966533831e+000
  +4.12071720202e+000
  +3.99177123835e+000
  +3.86290813247e+000
  +3.73420537244e+000
  +3.60574439391e+000
  +3.47760192610e+000
  +3.34985787086e+000
  +3.22259086596e+000
  +3.09587979964e+000
  +2.96980182109e+000
  +2.84443419303e+000
  +2.71985480469e+000
  +2.59614023090e+000
  +2.47336668056e+000
  +2.35160917684e+000
  +2.23094268418e+000
  +2.11144129232e+000
  +1.99317833595e+000
  +1.87622665351e+000
  +1.76065791414e+000
  +1.64654300326e+000
  +1.53395275961e+000
  +1.42295524981e+000
  +1.31361895019e+000
  +1.20601052334e+000
  +1.10019640668e+000
  +9.96240904611e-001
  +8.94208115060e-001
  +7.94160315900e-001
  +6.96158512549e-001
  +6.00262654041e-001
  +5.06530998824e-001
  +4.15021256249e-001
  +3.25788785881e-001
  +2.38887958556e-001
  +1.54371860199e-001
  +7.22917335679e-002
  -7.30285371396e-003
  -8.43632856507e-002
  -1.58842974894e-001
  -2.30696844349e-001
  -2.99881202655e-001
  -3.66355587452e-001
  -4.30079183109e-001
  -4.91012482157e-001
  -5.49107140230e-001
  -6.04228028092e-001
  -6.55605440419e-001
  -6.99165361742e-001
  -7.25003349090e-001
  -7.32396347870e-001
  -7.32421480008e-001
  -7.30844444256e-001
  -7.28869576346e-001
  -7.26678532719e-001
  -7.24281158455e-001
  -7.21652984095e-001
  -7.18756740754e-001
  -7.15544517708e-001
  -7.11955870974e-001
  -7.07914440502e-001
  -7.03323467691e-001
  -6.98060332914e-001
  -6.91970393133e-001
  -6.84861064511e-001
  -6.76498011446e-001
  -6.66606499916e-001
  -6.54881541826e-001
  -6.41008980177e-001
  -6.24695069083e-001
  -6.05696006038e-001
  -5.83836295967e-001
  -5.59009706468e-001
  -5.31165877909e-001
  -5.00291605767e-001
  -4.66394736305e-001
  -4.29493796228e-001
  -3.89612645784e-001
  -3.46778180583e-001
  -3.01019532203e-001
  -2.52367734967e-001
  -2.00855710877e-001
  -1.46518274210e-001
  -8.93916795644e-002
  -2.95142245695e-002
  +3.30742644369e-002
  +9.83318271723e-002
  +1.66215603537e-001
  +2.36679646641e-001
  +3.09677883407e-001
  +3.85162330167e-001
  +4.63083115754e-001
  +5.43388426373e-001
  +6.26025847822e-001
  +7.10940748641e-001
  +7.98077036756e-001
  +8.87377776189e-001
  +9.78785047009e-001
  +1.07223826556e+000
  +1.16767617578e+000
  +1.26503714618e+000
  +1.36425664121e+000
  +1.46527072501e+000
  +1.56801292053e+000
  +1.67241642953e+000
  +1.77841315142e+000
  +1.88593388047e+000
  +1.99490858986e+000
  +2.10526612420e+000
  +2.21693526753e+000
  +2.32984299475e+000
  +2.44391571129e+000
  +2.55907991136e+000
  +2.67526016411e+000
  +2.79238113182e+000
  +2.91036651537e+000
  +3.02914043800e+000
  +3.14862513746e+000
  +3.26874347534e+000
  +3.38941666192e+000
  +3.51056721451e+000
  +3.63211616355e+000
  +3.75398508536e+000
  +3.87609475590e+000
  +3.99836483010e+000
  +4.12071708553e+000
  +4.24307222628e+000
  +4.36535134933e+000
  +4.48747355231e+000
  +4.60936079704e+000
  +4.73093342024e+000
  +4.85211301825e+000
  +4.97282069197e+000
  +5.09297844263e+000
  +5.21250817831e+000
  +5.33133243446e+000
  +5.44937389949e+000
  +5.56655631271e+000
  +5.68280253599e+000
  +5.79803797414e+000
  +5.91218769452e+000
  +6.02517707841e+000
  +6.13693346890e+000
  +6.24738375696e+000
  +6.35645604218e+000
  +6.46407952242e+000
  +6.57018387900e+000
  +6.67470059425e+000
  +6.77756196360e+000
  +6.87869978279e+000
  +6.97804876937e+000
  +7.07554421108e+000
  +7.17112181065e+000
  +7.26471984425e+000
  +7.35627699441e+000
  +7.44573340541e+000
  +7.53303011119e+000
  +7.61811097451e+000
  +7.70091934488e+000
  +7.78140138288e+000
  +7.85950381930e+000
  +7.93517554420e+000
  +8.00836679646e+000
  +8.07902918368e+000
  +8.14711557109e+000
  +8.21258227397e+000
  +8.27538534695e+000
  +8.33548195493e+000
  +8.39283308226e+000
  +8.44740176054e+000
  +8.49916338561e+000
  +8.54818369930e+000
  +8.59516662906e+000
  +8.64412406373e+000
  +8.70490201026e+000
  +8.77816881518e+000
  +8.85279641018e+000
  +8.92297194408e+000
  +8.98744775280e+000
  +9.04600270296e+000
  +9.09859134883e+000
  +9.14520645798e+000
  +9.18585751621e+000
  +9.22056858749e+000
  +9.24938022046e+000
  +9.27235284378e+000
  +9.28957125871e+000
  +9.30115010912e+000
  +9.30724004891e+000
  +9.30803366189e+000
  +9.30376927284e+000
  +9.29472959152e+000
  +9.28123156337e+000
  +9.26360527679e+000
  +9.24216437300e+000
  +9.21717650125e+000
  +9.18884493971e+000
  +9.15730762268e+000
  +9.12265051042e+000
  +9.08492628440e+000
  +9.04417042666e+000
  +9.00041156253e+000
  +8.95367677852e+000
  +8.90399387711e+000
  +8.85139219469e+000
  +8.79590283041e+000
  +8.73755858215e+000
  +8.67639411586e+000
  +8.61244620719e+000
  +8.54575300349e+000
  +8.47635439763e+000
  +8.40429196558e+000
  +8.32960926637e+000
  +8.25235096311e+000
  +8.17256443726e+000
  +8.09029702143e+000
  +8.00559905022e+000
  +7.91852112844e+000
  +7.82911763562e+000
  +7.73744168507e+000
  +7.64354943222e+000
  +7.54749833648e+000
  +7.44934587520e+000
  +7.34915266069e+000
  +7.24698009571e+000
  +7.14288993478e+000
  +7.03694666555e+000
  +6.92921476330e+000
  +6.81975957400e+000
  +6.70864842123e+000
  +6.59594968722e+000
  +6.48173238396e+000
  +6.36606636616e+000
  +6.24902249420e+000
  +6.13067230374e+000
  +6.01108950381e+000
  +5.89034606041e+000
  +5.76851698296e+000
  +5.64567710952e+000
  +5.52190175869e+000
  +5.39726748631e+000
  +5.27185029417e+000
  +5.14572749375e+000
  +5.01897666071e+000
  +4.89167574232e+000
  +4.76390276586e+000
  +4.63573649337e+000
  +4.50725609936e+000
  +4.37854032743e+000
  +4.24966897760e+000
  +4.12072067609e+000
  +3.99177469444e+000
  +3.86291154354e+000
  +3.73420927238e+000
  +3.60574729882e+000
  +3.47760495522e+000
  +3.34986098798e+000
  +3.22259419233e+000
  +3.09588289727e+000
  +2.96980487097e+000
  +2.84443733512e+000
  +2.71985820501e+000
  +2.59614356025e+000
  +2.47336954083e+000
  +2.35161152297e+000
  +2.23094503247e+000
  +2.11144307750e+000
  +1.99318000488e+000
  +1.87622849842e+000
  +1.76065992170e+000
  +1.64654559090e+000
  +1.53395503659e+000
  +1.42295739470e+000
  +1.31362134273e+000
  +1.20601334063e+000
  +1.10019915257e+000
  +9.96243772824e-001
  +8.94210567345e-001
  +7.94162816349e-001
  +6.96160721591e-001
  +6.00264733980e-001
  +5.06533251095e-001
  +4.15023481364e-001
  +3.25791060998e-001
  +2.38890363394e-001
  +1.54374109858e-001
  +7.22939691278e-002
  -7.30012579497e-003
  -8.43607033348e-002
  -1.58840624914e-001
  -2.30695175585e-001
  -2.99881161673e-001
  -3.66355584935e-001
  -4.30079181486e-001
  -4.91012480954e-001
  -5.49107139040e-001
  -6.04228026912e-001
  -6.55605439283e-001
  -6.99165360834e-001
  -7.25003348669e-001
  -7.32396347768e-001
  -7.32421479989e-001
  -7.30844444252e-001
  -7.28869576345e-001
  -7.26678532719e-001
  -7.24281158455e-001
  -7.21652984095e-001
  -7.18756740754e-001
  -7.15544517708e-001
  -7.11955870974e-001
  -7.07914440502e-001
  -7.03323467691e-001
  -6.98060332914e-001
  -6.91970393133e-001
  -6.84861064511e-001
  -6.76498011446e-001
  -6.66606499916e-001
  -6.54881541826e-001
  -6.41008980177e-001
  -6.24695069083e-001
  -6.05696006037e-001
  -5.83836295966e-001
  -5.59009706468e-001
  -5.31165877912e-001
  -5.00291605752e-001
  -4.66394736291e-001
  -4.29493796082e-001
  -3.89612645267e-001
  -3.46778182980e-001
  -3.01019533624e-001
  -2.52367704627e-001
  -2.00855521995e-001
  -1.46517929426e-001
  -8.93910362609e-002
  -2.95135565181e-002
  +3.30748990956e-002
  +9.83327369635e-002
  +1.66216099293e-001
  +2.36680575422e-001
  +3.09679379420e-001
  +3.85163636649e-001
  +4.63084197104e-001
  +5.43389454230e-001
  +6.26026134541e-001
  +7.10940823366e-001
  +7.98077475066e-001
  +8.87378393052e-001
  +9.78785092277e-001
  +1.07223801880e+000
  +1.16767614126e+000
  +1.26503717522e+000
  +1.36425661060e+000
  +1.46527091179e+000
  +1.56801296953e+000
  +1.67241626207e+000
  +1.77841254667e+000
  +1.88593325737e+000
  +1.99490807073e+000
  +2.10526643778e+000
  +2.21693568555e+000
  +2.32984345923e+000
  +2.44391596261e+000
  +2.55908010035e+000
  +2.67526024680e+000
  +2.79238181017e+000
  +2.91036740042e+000
  +3.02914157164e+000
  +3.14862662597e+000
  +3.26874484596e+000
  +3.38941850918e+000
  +3.51056891465e+000
  +3.63211790187e+000
  +3.75398664906e+000
  +3.87609579080e+000
  +3.99836668052e+000
  +4.12071951491e+000
</dep>
<dep _net0.Vt time>
  +0.00000000000e+000
  +2.51300954433e-001
  +5.02443181798e-001
  +7.53268055279e-001
  +1.00361714851e+000
  +1.25333233564e+000
  +1.50225589121e+000
  +1.75023058975e+000
  +1.99709980514e+000
  +2.24270760949e+000
  +2.48689887165e+000
  +2.72951935517e+000
  +2.97041581577e+000
  +3.20943609807e+000
  +3.44642923175e+000
  +3.68124552685e+000
  +3.91373666837e+000
  +4.14375580993e+000
  +4.37115766651e+000
  +4.59579860621e+000
  +4.81753674102e+000
  +5.03623201636e+000
  +5.25174629961e+000
  +5.46394346734e+000
  +5.67268949127e+000
  +5.87785252292e+000
  +6.07930297695e+000
  +6.27691361291e+000
  +6.47055961569e+000
  +6.66011867434e+000
  +6.84547105929e+000
  +7.02649969799e+000
  +7.20309024888e+000
  +7.37513117358e+000
  +7.54251380736e+000
  +7.70513242776e+000
  +7.86288432137e+000
  +8.01566984871e+000
  +8.16339250717e+000
  +8.30595899196e+000
  +8.44327925502e+000
  +8.57526656194e+000
  +8.70183754670e+000
  +8.82291226435e+000
  +8.93841424151e+000
  +9.04827052466e+000
  +9.15241172621e+000
  +9.25077206834e+000
  +9.34328942457e+000
  +9.42990535893e+000
  +9.51056516295e+000
  +9.58521789017e+000
  +9.65381638833e+000
  +9.71631732915e+000
  +9.77268123568e+000
  +9.82287250729e+000
  +9.86685944208e+000
  +9.90461425697e+000
  +9.93611310520e+000
  +9.96133609143e+000
  +9.98026728428e+000
  +9.99289472641e+000
  +9.99921044204e+000
  +9.99921044204e+000
  +9.99289472641e+000
  +9.98026728428e+000
  +9.96133609143e+000
  +9.93611310520e+000
  +9.90461425697e+000
  +9.86685944208e+000
  +9.82287250729e+000
  +9.77268123568e+000
  +9.71631732915e+000
  +9.65381638833e+000
  +9.58521789017e+000
  +9.51056516295e+000
  +9.42990535893e+000
  +9.34328942457e+000
  +9.25077206834e+000
  +9.15241172621e+000
  +9.04827052466e+000
  +8.93841424151e+000
  +8.82291226435e+000
  +8.70183754670e+000
  +8.57526656194e+000
  +8.44327925502e+000
  +8.30595899196e+000
  +8.16339250717e+000
  +8.01566984871e+000
  +7.86288432137e+000
  +7.70513242776e+000
  +7.54251380736e+000
  +7.37513117358e+000
  +7.20309024888e+000
  +7.02649969799e+000
  +6.84547105929e+000
  +6.66011867434e+000
  +6.47055961569e+000
  +6.27691361291e+000
  +6.07930297695e+000
  +5.87785252292e+000
  +5.67268949127e+000
  +5.46394346734e+000
  +5.25174629961e+000
  +5.03623201636e+000
  +4.81753674102e+000
  +4.59579860621e+000
  +4.37115766651e+000
  +4.14375580993e+000
  +3.91373666837e+000
  +3.68124552685e+000
  +3.44642923175e+000
  +3.20943609807e+000
  +2.97041581577e+000
  +2.72951935517e+000
  +2.48689887165e+000
  +2.24270760949e+000
  +1.99709980514e+000
  +1.75023058975e+000
  +1.50225589121e+000
  +1.25333233564e+000
  +1.00361714851e+000
  +7.53268055279e-001
  +5.02443181798e-001
  +2.51300954433e-001
  +1.22460635382e-015
  -2.51300954433e-001
  -5.02443181798e-001
  -7.53268055279e-001
  -1.00361714851e+000
  -1.25333233564e+000
  -1.50225589121e+000
  -1.75023058975e+000
  -1.99709980514e+000
  -2.24270760949e+000
  -2.48689887165e+000
  -2.72951935517e+000
  -2.97041581577e+000
  -3.20943609807e+000
  -3.44642923175e+000
  -3.68124552685e+000
  -3.91373666837e+000
  -4.14375580993e+000
  -4.37115766651e+000
  -4.59579860621e+000
  -4.81753674102e+000
  -5.03623201636e+000
  -5.25174629961e+000
  -5.46394346734e+000
  -5.67268949127e+000
  -5.87785252292e+000
  -6.07930297695e+000
  -6.27691361291e+000
  -6.47055961569e+000
  -6.66011867434e+000
  -6.84547105929e+000
  -7.02649969799e+000
  -7.20309024888e+000
  -7.37513117358e+000
  -7.54251380736e+000
  -7.70513242776e+000
  -7.86288432137e+000
  -8.01566984871e+000
  -8.16339250717e+000
  -8.30595899196e+000
  -8.44327925502e+000
  -8.57526656194e+000
  -8.70183754670e+000
  -8.82291226435e+000
  -8.93841424151e+000
  -9.04827052466e+000
  -9.15241172621e+000
  -9.25077206834e+000
  -9.34328942457e+000
  -9.42990535893e+000
  -9.51056516295e+000
  -9.58521789017e+000
  -9.65381638833e+000
  -9.71631732915e+000
  -9.77268123568e+000
  -9.82287250729e+000
  -9.86685944208e+000
  -9.90461425697e+000
  -9.93611310520e+000
  -9.96133609143e+000
  -9.98026728428e+000
  -9.99289472641e+000
  -9.99921044204e+000
  -9.99921044204e+000
  -9.99289472641e+000
  -9.98026728428e+000
  -9.96133609143e+000
  -9.93611310520e+000
  -9.90461425697e+000
  -9.86685944208e+000
  -9.82287250729e+000
  -9.77268123568e+000
  -9.71631732915e+000
  -9.65381638833e+000
  -9.58521789017e+000
  -9.51056516295e+000
  -9.42990535893e+000
  -9.34328942457e+000
  -9.25077206834e+000
  -9.15241172621e+000
  -9.04827052466e+000
  -8.93841424151e+000
  -8.82291226435e+000
  -8.70183754670e+000
  -8.57526656194e+000
  -8.44327925502e+000
  -8.30595899196e+000
  -8.16339250717e+000
  -8.01566984871e+000
  -7.86288432137e+000
  -7.70513242776e+000
  -7.54251380736e+000
  -7.37513117358e+000
  -7.20309024888e+000
  -7.02649969799e+000
  -6.84547105929e+000
  -6.66011867434e+000
  -6.47055961569e+000
  -6.27691361291e+000
  -6.07930297695e+000
  -5.87785252292e+000
  -5.67268949127e+000
  -5.46394346734e+000
  -5.25174629961e+000
  -5.03623201636e+000
  -4.81753674102e+000
  -4.59579860621e+000
  -4.37115766651e+000
  -4.14375580993e+000
  -3.91373666837e+000
  -3.68124552685e+000
  -3.44642923175e+000
  -3.20943609807e+000
  -2.97041581577e+000
  -2.72951935517e+000
  -2.48689887165e+000
  -2.24270760949e+000
  -1.99709980514e+000
  -1.75023058975e+000
  -1.50225589121e+000
  -1.25333233564e+000
  -1.00361714851e+000
  -7.53268055279e-001
  -5.02443181798e-001
  -2.51300954433e-001
  -2.44921270764e-015
  +2.51300954433e-001
  +5.02443181798e-001
  +7.53268055279e-001
  +1.00361714851e+000
  +1.25333233564e+000
  +1.50225589121e+000
  +1.75023058975e+000
  +1.99709980514e+000
  +2.24270760949e+000
  +2.48689887165e+000
  +2.72951935517e+000
  +2.97041581577e+000
  +3.20943609807e+000
  +3.44642923175e+000
  +3.68124552685e+000
  +3.91373666837e+000
  +4.14375580993e+000
  +4.37115766651e+000
  +4.59579860621e+000
  +4.81753674102e+000
  +5.03623201636e+000
  +5.25174629961e+000
  +5.46394346734e+000
  +5.67268949127e+000
  +5.87785252292e+000
  +6.07930297695e+000
  +6.27691361291e+000
  +6.47055961569e+000
  +6.66011867434e+000
  +6.84547105929e+000
  +7.02649969799e+000
  +7.20309024888e+000
  +7.37513117358e+000
  +7.54251380736e+000
  +7.70513242776e+000
  +7.86288432137e+000
  +8.01566984871e+000
  +8.16339250717e+000
  +8.30595899196e+000
  +8.44327925502e+000
  +8.57526656194e+000
  +8.70183754670e+000
  +8.82291226435e+000
  +8.93841424151e+000
  +9.04827052466e+000
  +9.15241172621e+000
  +9.25077206834e+000
  +9.34328942457e+000
  +9.42990535893e+000
  +9.51056516295e+000
  +9.58521789017e+000
  +9.65381638833e+000
  +9.71631732915e+000
  +9.77268123568e+000
  +9.82287250729e+000
  +9.86685944208e+000
  +9.90461425697e+000
  +9.93611310520e+000
  +9.96133609143e+000
  +9.98026728428e+000
  +9.99289472641e+000
  +9.99921044204e+000
  +9.99921044204e+000
  +9.99289472641e+000
  +9.98026728428e+000
  +9.96133609143e+000
  +9.93611310520e+000
  +9.90461425697e+000
  +9.86685944208e+000
  +9.82287250729e+000
  +9.77268123568e+000
  +9.71631732915e+000
  +9.65381638833e+000
  +9.58521789017e+000
  +9.51056516295e+000
  +9.42990535893e+000
  +9.34328942457e+000
  +9.25077206834e+000
  +9.15241172621e+000
  +9.04827052466e+000
  +8.93841424151e+000
  +8.82291226435e+000
  +8.70183754670e+000
  +8.57526656194e+000
  +8.44327925502e+000
  +8.30595899196e+000
  +8.16339250717e+000
  +8.01566984871e+000
  +7.86288432137e+000
  +7.70513242776e+000
  +7.54251380736e+000
  +7.37513117358e+000
  +7.20309024888e+000
  +7.02649969799e+000
  +6.84547105929e+000
  +6.66011867434e+000
  +6.47055961569e+000
  +6.27691361291e+000
  +6.07930297695e+000
  +5.87785252292e+000
  +5.67268949127e+000
  +5.46394346734e+000
  +5.25174629961e+000
  +5.03623201636e+000
  +4.81753674102e+000
  +4.59579860621e+000
  +4.37115766651e+000
  +4.14375580993e+000
  +3.91373666837e+000
  +3.68124552685e+000
  +3.44642923175e+000
  +3.20943609807e+000
  +2.97041581577e+000
  +2.72951935517e+000
  +2.48689887165e+000
  +2.24270760949e+000
  +1.99709980514e+000
  +1.75023058975e+000
  +1.50225589121e+000
  +1.25333233564e+000
  +1.00361714851e+000
  +7.53268055279e-001
  +5.02443181798e-001
  +2.51300954433e-001
  +3.67381906147e-015
  -2.51300954433e-001
  -5.02443181798e-001
  -7.53268055279e-001
  -1.00361714851e+000
  -1.25333233564e+000
  -1.50225589121e+000
  -1.75023058975e+000
  -1.99709980514e+000
  -2.24270760949e+000
  -2.48689887165e+000
  -2.72951935517e+000
  -2.97041581577e+000
  -3.20943609807e+000
  -3.44642923175e+000
  -3.68124552685e+000
  -3.91373666837e+000
  -4.14375580993e+000
  -4.37115766651e+000
  -4.59579860621e+000
  -4.81753674102e+000
  -5.03623201636e+000
  -5.25174629961e+000
  -5.46394346734e+000
  -5.67268949127e+000
  -5.87785252292e+000
  -6.07930297695e+000
  -6.27691361291e+000
  -6.47055961569e+000
  -6.66011867434e+000
  -6.84547105929e+000
  -7.02649969799e+000
  -7.20309024888e+000
  -7.37513117358e+000
  -7.54251380736e+000
  -7.70513242776e+000
  -7.86288432137e+000
  -8.01566984871e+000
  -8.16339250717e+000
  -8.30595899196e+000
  -8.44327925502e+000
  -8.57526656194e+000
  -8.70183754670e+000
  -8.82291226435e+000
  -8.93841424151e+000
  -9.04827052466e+000
  -9.15241172621e+000
  -9.25077206834e+000
  -9.34328942457e+000
  -9.42990535893e+000
  -9.51056516295e+000
  -9.58521789017e+000
  -9.65381638833e+000
  -9.71631732915e+000
  -9.77268123568e+000
  -9.82287250729e+000
  -9.86685944208e+000
  -9.90461425697e+000
  -9.93611310520e+000
  -9.96133609143e+000
  -9.98026728428e+000
  -9.99289472641e+000
  -9.99921044204e+000
  -9.99921044204e+000
  -9.99289472641e+000
  -9.98026728428e+000
  -9.96133609143e+000
  -9.93611310520e+000
  -9.90461425697e+000
  -9.86685944208e+000
  -9.82287250729e+000
  -9.77268123568e+000
  -9.71631732915e+000
  -9.65381638833e+000
  -9.58521789017e+000
  -9.51056516295e+000
  -9.42990535893e+000
  -9.34328942457e+000
  -9.25077206834e+000
  -9.15241172621e+000
  -9.04827052466e+000
  -8.93841424151e+000
  -8.82291226435e+000
  -8.70183754670e+000
  -8.57526656194e+000
  -8.44327925502e+000
  -8.30595899196e+000
  -8.16339250717e+000
  -8.01566984871e+000
  -7.86288432137e+000
  -7.70513242776e+000
  -7.54251380736e+000
  -7.37513117358e+000
  -7.20309024888e+000
  -7.02649969799e+000
  -6.84547105929e+000
  -6.66011867434e+000
  -6.47055961569e+000
  -6.27691361291e+000
  -6.07930297695e+000
  -5.87785252292e+000
  -5.67268949127e+000
  -5.46394346734e+000
  -5.25174629961e+000
  -5.03623201636e+000
  -4.81753674102e+000
  -4.59579860621e+000
  -4.37115766651e+000
  -4.14375580993e+000
  -3.91373666837e+000
  -3.68124552685e+000
  -3.44642923175e+000
  -3.20943609807e+000
  -2.97041581577e+000
  -2.72951935517e+000
  -2.48689887165e+000
  -2.24270760949e+000
  -1.99709980514e+000
  -1.75023058975e+000
  -1.50225589121e+000
  -1.25333233564e+000
  -1.00361714851e+000
  -7.53268055279e-001
  -5.02443181798e-001
  -2.51300954433e-001
  -4.89842541529e-015
</dep>
