<Qucs Dataset 0.0.18>
<indep time 501>
  +0.00000000000e+000
  +4.00000000000e-005
  +8.00000000000e-005
  +1.20000000000e-004
  +1.60000000000e-004
  +2.00000000000e-004
  +2.40000000000e-004
  +2.80000000000e-004
  +3.20000000000e-004
  +3.60000000000e-004
  +4.00000000000e-004
  +4.40000000000e-004
  +4.80000000000e-004
  +5.20000000000e-004
  +5.60000000000e-004
  +6.00000000000e-004
  +6.40000000000e-004
  +6.80000000000e-004
  +7.20000000000e-004
  +7.60000000000e-004
  +8.00000000000e-004
  +8.40000000000e-004
  +8.80000000000e-004
  +9.20000000000e-004
  +9.60000000000e-004
  +1.00000000000e-003
  +1.04000000000e-003
  +1.08000000000e-003
  +1.12000000000e-003
  +1.16000000000e-003
  +1.20000000000e-003
  +1.24000000000e-003
  +1.28000000000e-003
  +1.32000000000e-003
  +1.36000000000e-003
  +1.40000000000e-003
  +1.44000000000e-003
  +1.48000000000e-003
  +1.52000000000e-003
  +1.56000000000e-003
  +1.60000000000e-003
  +1.64000000000e-003
  +1.68000000000e-003
  +1.72000000000e-003
  +1.76000000000e-003
  +1.80000000000e-003
  +1.84000000000e-003
  +1.88000000000e-003
  +1.92000000000e-003
  +1.96000000000e-003
  +2.00000000000e-003
  +2.04000000000e-003
  +2.08000000000e-003
  +2.12000000000e-003
  +2.16000000000e-003
  +2.20000000000e-003
  +2.24000000000e-003
  +2.28000000000e-003
  +2.32000000000e-003
  +2.36000000000e-003
  +2.40000000000e-003
  +2.44000000000e-003
  +2.48000000000e-003
  +2.52000000000e-003
  +2.56000000000e-003
  +2.60000000000e-003
  +2.64000000000e-003
  +2.68000000000e-003
  +2.72000000000e-003
  +2.76000000000e-003
  +2.80000000000e-003
  +2.84000000000e-003
  +2.88000000000e-003
  +2.92000000000e-003
  +2.96000000000e-003
  +3.00000000000e-003
  +3.04000000000e-003
  +3.08000000000e-003
  +3.12000000000e-003
  +3.16000000000e-003
  +3.20000000000e-003
  +3.24000000000e-003
  +3.28000000000e-003
  +3.32000000000e-003
  +3.36000000000e-003
  +3.40000000000e-003
  +3.44000000000e-003
  +3.48000000000e-003
  +3.52000000000e-003
  +3.56000000000e-003
  +3.60000000000e-003
  +3.64000000000e-003
  +3.68000000000e-003
  +3.72000000000e-003
  +3.76000000000e-003
  +3.80000000000e-003
  +3.84000000000e-003
  +3.88000000000e-003
  +3.92000000000e-003
  +3.96000000000e-003
  +4.00000000000e-003
  +4.04000000000e-003
  +4.08000000000e-003
  +4.12000000000e-003
  +4.16000000000e-003
  +4.20000000000e-003
  +4.24000000000e-003
  +4.28000000000e-003
  +4.32000000000e-003
  +4.36000000000e-003
  +4.40000000000e-003
  +4.44000000000e-003
  +4.48000000000e-003
  +4.52000000000e-003
  +4.56000000000e-003
  +4.60000000000e-003
  +4.64000000000e-003
  +4.68000000000e-003
  +4.72000000000e-003
  +4.76000000000e-003
  +4.80000000000e-003
  +4.84000000000e-003
  +4.88000000000e-003
  +4.92000000000e-003
  +4.96000000000e-003
  +5.00000000000e-003
  +5.04000000000e-003
  +5.08000000000e-003
  +5.12000000000e-003
  +5.16000000000e-003
  +5.20000000000e-003
  +5.24000000000e-003
  +5.28000000000e-003
  +5.32000000000e-003
  +5.36000000000e-003
  +5.40000000000e-003
  +5.44000000000e-003
  +5.48000000000e-003
  +5.52000000000e-003
  +5.56000000000e-003
  +5.60000000000e-003
  +5.64000000000e-003
  +5.68000000000e-003
  +5.72000000000e-003
  +5.76000000000e-003
  +5.80000000000e-003
  +5.84000000000e-003
  +5.88000000000e-003
  +5.92000000000e-003
  +5.96000000000e-003
  +6.00000000000e-003
  +6.04000000000e-003
  +6.08000000000e-003
  +6.12000000000e-003
  +6.16000000000e-003
  +6.20000000000e-003
  +6.24000000000e-003
  +6.28000000000e-003
  +6.32000000000e-003
  +6.36000000000e-003
  +6.40000000000e-003
  +6.44000000000e-003
  +6.48000000000e-003
  +6.52000000000e-003
  +6.56000000000e-003
  +6.60000000000e-003
  +6.64000000000e-003
  +6.68000000000e-003
  +6.72000000000e-003
  +6.76000000000e-003
  +6.80000000000e-003
  +6.84000000000e-003
  +6.88000000000e-003
  +6.92000000000e-003
  +6.96000000000e-003
  +7.00000000000e-003
  +7.04000000000e-003
  +7.08000000000e-003
  +7.12000000000e-003
  +7.16000000000e-003
  +7.20000000000e-003
  +7.24000000000e-003
  +7.28000000000e-003
  +7.32000000000e-003
  +7.36000000000e-003
  +7.40000000000e-003
  +7.44000000000e-003
  +7.48000000000e-003
  +7.52000000000e-003
  +7.56000000000e-003
  +7.60000000000e-003
  +7.64000000000e-003
  +7.68000000000e-003
  +7.72000000000e-003
  +7.76000000000e-003
  +7.80000000000e-003
  +7.84000000000e-003
  +7.88000000000e-003
  +7.92000000000e-003
  +7.96000000000e-003
  +8.00000000000e-003
  +8.04000000000e-003
  +8.08000000000e-003
  +8.12000000000e-003
  +8.16000000000e-003
  +8.20000000000e-003
  +8.24000000000e-003
  +8.28000000000e-003
  +8.32000000000e-003
  +8.36000000000e-003
  +8.40000000000e-003
  +8.44000000000e-003
  +8.48000000000e-003
  +8.52000000000e-003
  +8.56000000000e-003
  +8.60000000000e-003
  +8.64000000000e-003
  +8.68000000000e-003
  +8.72000000000e-003
  +8.76000000000e-003
  +8.80000000000e-003
  +8.84000000000e-003
  +8.88000000000e-003
  +8.92000000000e-003
  +8.96000000000e-003
  +9.00000000000e-003
  +9.04000000000e-003
  +9.08000000000e-003
  +9.12000000000e-003
  +9.16000000000e-003
  +9.20000000000e-003
  +9.24000000000e-003
  +9.28000000000e-003
  +9.32000000000e-003
  +9.36000000000e-003
  +9.40000000000e-003
  +9.44000000000e-003
  +9.48000000000e-003
  +9.52000000000e-003
  +9.56000000000e-003
  +9.60000000000e-003
  +9.64000000000e-003
  +9.68000000000e-003
  +9.72000000000e-003
  +9.76000000000e-003
  +9.80000000000e-003
  +9.84000000000e-003
  +9.88000000000e-003
  +9.92000000000e-003
  +9.96000000000e-003
  +1.00000000000e-002
  +1.00400000000e-002
  +1.00800000000e-002
  +1.01200000000e-002
  +1.01600000000e-002
  +1.02000000000e-002
  +1.02400000000e-002
  +1.02800000000e-002
  +1.03200000000e-002
  +1.03600000000e-002
  +1.04000000000e-002
  +1.04400000000e-002
  +1.04800000000e-002
  +1.05200000000e-002
  +1.05600000000e-002
  +1.06000000000e-002
  +1.06400000000e-002
  +1.06800000000e-002
  +1.07200000000e-002
  +1.07600000000e-002
  +1.08000000000e-002
  +1.08400000000e-002
  +1.08800000000e-002
  +1.09200000000e-002
  +1.09600000000e-002
  +1.10000000000e-002
  +1.10400000000e-002
  +1.10800000000e-002
  +1.11200000000e-002
  +1.11600000000e-002
  +1.12000000000e-002
  +1.12400000000e-002
  +1.12800000000e-002
  +1.13200000000e-002
  +1.13600000000e-002
  +1.14000000000e-002
  +1.14400000000e-002
  +1.14800000000e-002
  +1.15200000000e-002
  +1.15600000000e-002
  +1.16000000000e-002
  +1.16400000000e-002
  +1.16800000000e-002
  +1.17200000000e-002
  +1.17600000000e-002
  +1.18000000000e-002
  +1.18400000000e-002
  +1.18800000000e-002
  +1.19200000000e-002
  +1.19600000000e-002
  +1.20000000000e-002
  +1.20400000000e-002
  +1.20800000000e-002
  +1.21200000000e-002
  +1.21600000000e-002
  +1.22000000000e-002
  +1.22400000000e-002
  +1.22800000000e-002
  +1.23200000000e-002
  +1.23600000000e-002
  +1.24000000000e-002
  +1.24400000000e-002
  +1.24800000000e-002
  +1.25200000000e-002
  +1.25600000000e-002
  +1.26000000000e-002
  +1.26400000000e-002
  +1.26800000000e-002
  +1.27200000000e-002
  +1.27600000000e-002
  +1.28000000000e-002
  +1.28400000000e-002
  +1.28800000000e-002
  +1.29200000000e-002
  +1.29600000000e-002
  +1.30000000000e-002
  +1.30400000000e-002
  +1.30800000000e-002
  +1.31200000000e-002
  +1.31600000000e-002
  +1.32000000000e-002
  +1.32400000000e-002
  +1.32800000000e-002
  +1.33200000000e-002
  +1.33600000000e-002
  +1.34000000000e-002
  +1.34400000000e-002
  +1.34800000000e-002
  +1.35200000000e-002
  +1.35600000000e-002
  +1.36000000000e-002
  +1.36400000000e-002
  +1.36800000000e-002
  +1.37200000000e-002
  +1.37600000000e-002
  +1.38000000000e-002
  +1.38400000000e-002
  +1.38800000000e-002
  +1.39200000000e-002
  +1.39600000000e-002
  +1.40000000000e-002
  +1.40400000000e-002
  +1.40800000000e-002
  +1.41200000000e-002
  +1.41600000000e-002
  +1.42000000000e-002
  +1.42400000000e-002
  +1.42800000000e-002
  +1.43200000000e-002
  +1.43600000000e-002
  +1.44000000000e-002
  +1.44400000000e-002
  +1.44800000000e-002
  +1.45200000000e-002
  +1.45600000000e-002
  +1.46000000000e-002
  +1.46400000000e-002
  +1.46800000000e-002
  +1.47200000000e-002
  +1.47600000000e-002
  +1.48000000000e-002
  +1.48400000000e-002
  +1.48800000000e-002
  +1.49200000000e-002
  +1.49600000000e-002
  +1.50000000000e-002
  +1.50400000000e-002
  +1.50800000000e-002
  +1.51200000000e-002
  +1.51600000000e-002
  +1.52000000000e-002
  +1.52400000000e-002
  +1.52800000000e-002
  +1.53200000000e-002
  +1.53600000000e-002
  +1.54000000000e-002
  +1.54400000000e-002
  +1.54800000000e-002
  +1.55200000000e-002
  +1.55600000000e-002
  +1.56000000000e-002
  +1.56400000000e-002
  +1.56800000000e-002
  +1.57200000000e-002
  +1.57600000000e-002
  +1.58000000000e-002
  +1.58400000000e-002
  +1.58800000000e-002
  +1.59200000000e-002
  +1.59600000000e-002
  +1.60000000000e-002
  +1.60400000000e-002
  +1.60800000000e-002
  +1.61200000000e-002
  +1.61600000000e-002
  +1.62000000000e-002
  +1.62400000000e-002
  +1.62800000000e-002
  +1.63200000000e-002
  +1.63600000000e-002
  +1.64000000000e-002
  +1.64400000000e-002
  +1.64800000000e-002
  +1.65200000000e-002
  +1.65600000000e-002
  +1.66000000000e-002
  +1.66400000000e-002
  +1.66800000000e-002
  +1.67200000000e-002
  +1.67600000000e-002
  +1.68000000000e-002
  +1.68400000000e-002
  +1.68800000000e-002
  +1.69200000000e-002
  +1.69600000000e-002
  +1.70000000000e-002
  +1.70400000000e-002
  +1.70800000000e-002
  +1.71200000000e-002
  +1.71600000000e-002
  +1.72000000000e-002
  +1.72400000000e-002
  +1.72800000000e-002
  +1.73200000000e-002
  +1.73600000000e-002
  +1.74000000000e-002
  +1.74400000000e-002
  +1.74800000000e-002
  +1.75200000000e-002
  +1.75600000000e-002
  +1.76000000000e-002
  +1.76400000000e-002
  +1.76800000000e-002
  +1.77200000000e-002
  +1.77600000000e-002
  +1.78000000000e-002
  +1.78400000000e-002
  +1.78800000000e-002
  +1.79200000000e-002
  +1.79600000000e-002
  +1.80000000000e-002
  +1.80400000000e-002
  +1.80800000000e-002
  +1.81200000000e-002
  +1.81600000000e-002
  +1.82000000000e-002
  +1.82400000000e-002
  +1.82800000000e-002
  +1.83200000000e-002
  +1.83600000000e-002
  +1.84000000000e-002
  +1.84400000000e-002
  +1.84800000000e-002
  +1.85200000000e-002
  +1.85600000000e-002
  +1.86000000000e-002
  +1.86400000000e-002
  +1.86800000000e-002
  +1.87200000000e-002
  +1.87600000000e-002
  +1.88000000000e-002
  +1.88400000000e-002
  +1.88800000000e-002
  +1.89200000000e-002
  +1.89600000000e-002
  +1.90000000000e-002
  +1.90400000000e-002
  +1.90800000000e-002
  +1.91200000000e-002
  +1.91600000000e-002
  +1.92000000000e-002
  +1.92400000000e-002
  +1.92800000000e-002
  +1.93200000000e-002
  +1.93600000000e-002
  +1.94000000000e-002
  +1.94400000000e-002
  +1.94800000000e-002
  +1.95200000000e-002
  +1.95600000000e-002
  +1.96000000000e-002
  +1.96400000000e-002
  +1.96800000000e-002
  +1.97200000000e-002
  +1.97600000000e-002
  +1.98000000000e-002
  +1.98400000000e-002
  +1.98800000000e-002
  +1.99200000000e-002
  +1.99600000000e-002
  +2.00000000000e-002
</indep>
<dep Ve1.Vt time>
  +0.00000000000e+000
  +2.51300954433e-001
  +5.02443181798e-001
  +7.53268055279e-001
  +1.00361714851e+000
  +1.25333233564e+000
  +1.50225589121e+000
  +1.75023058975e+000
  +1.99709980514e+000
  +2.24270760949e+000
  +2.48689887165e+000
  +2.72951935517e+000
  +2.97041581577e+000
  +3.20943609807e+000
  +3.44642923175e+000
  +3.68124552685e+000
  +3.91373666837e+000
  +4.14375580993e+000
  +4.37115766651e+000
  +4.59579860621e+000
  +4.81753674102e+000
  +5.03623201636e+000
  +5.25174629961e+000
  +5.46394346734e+000
  +5.67268949127e+000
  +5.87785252292e+000
  +6.07930297695e+000
  +6.27691361291e+000
  +6.47055961569e+000
  +6.66011867434e+000
  +6.84547105929e+000
  +7.02649969799e+000
  +7.20309024888e+000
  +7.37513117358e+000
  +7.54251380736e+000
  +7.70513242776e+000
  +7.86288432137e+000
  +8.01566984871e+000
  +8.16339250717e+000
  +8.30595899196e+000
  +8.44327925502e+000
  +8.57526656194e+000
  +8.70183754670e+000
  +8.82291226435e+000
  +8.93841424151e+000
  +9.04827052466e+000
  +9.15241172621e+000
  +9.25077206834e+000
  +9.34328942457e+000
  +9.42990535893e+000
  +9.51056516295e+000
  +9.58521789017e+000
  +9.65381638833e+000
  +9.71631732915e+000
  +9.77268123568e+000
  +9.82287250729e+000
  +9.86685944208e+000
  +9.90461425697e+000
  +9.93611310520e+000
  +9.96133609143e+000
  +9.98026728428e+000
  +9.99289472641e+000
  +9.99921044204e+000
  +9.99921044204e+000
  +9.99289472641e+000
  +9.98026728428e+000
  +9.96133609143e+000
  +9.93611310520e+000
  +9.90461425697e+000
  +9.86685944208e+000
  +9.82287250729e+000
  +9.77268123568e+000
  +9.71631732915e+000
  +9.65381638833e+000
  +9.58521789017e+000
  +9.51056516295e+000
  +9.42990535893e+000
  +9.34328942457e+000
  +9.25077206834e+000
  +9.15241172621e+000
  +9.04827052466e+000
  +8.93841424151e+000
  +8.82291226435e+000
  +8.70183754670e+000
  +8.57526656194e+000
  +8.44327925502e+000
  +8.30595899196e+000
  +8.16339250717e+000
  +8.01566984871e+000
  +7.86288432137e+000
  +7.70513242776e+000
  +7.54251380736e+000
  +7.37513117358e+000
  +7.20309024888e+000
  +7.02649969799e+000
  +6.84547105929e+000
  +6.66011867434e+000
  +6.47055961569e+000
  +6.27691361291e+000
  +6.07930297695e+000
  +5.87785252292e+000
  +5.67268949127e+000
  +5.46394346734e+000
  +5.25174629961e+000
  +5.03623201636e+000
  +4.81753674102e+000
  +4.59579860621e+000
  +4.37115766651e+000
  +4.14375580993e+000
  +3.91373666837e+000
  +3.68124552685e+000
  +3.44642923175e+000
  +3.20943609807e+000
  +2.97041581577e+000
  +2.72951935517e+000
  +2.48689887165e+000
  +2.24270760949e+000
  +1.99709980514e+000
  +1.75023058975e+000
  +1.50225589121e+000
  +1.25333233564e+000
  +1.00361714851e+000
  +7.53268055279e-001
  +5.02443181798e-001
  +2.51300954433e-001
  +1.22460635382e-015
  -2.51300954433e-001
  -5.02443181798e-001
  -7.53268055279e-001
  -1.00361714851e+000
  -1.25333233564e+000
  -1.50225589121e+000
  -1.75023058975e+000
  -1.99709980514e+000
  -2.24270760949e+000
  -2.48689887165e+000
  -2.72951935517e+000
  -2.97041581577e+000
  -3.20943609807e+000
  -3.44642923175e+000
  -3.68124552685e+000
  -3.91373666837e+000
  -4.14375580993e+000
  -4.37115766651e+000
  -4.59579860621e+000
  -4.81753674102e+000
  -5.03623201636e+000
  -5.25174629961e+000
  -5.46394346734e+000
  -5.67268949127e+000
  -5.87785252292e+000
  -6.07930297695e+000
  -6.27691361291e+000
  -6.47055961569e+000
  -6.66011867434e+000
  -6.84547105929e+000
  -7.02649969799e+000
  -7.20309024888e+000
  -7.37513117358e+000
  -7.54251380736e+000
  -7.70513242776e+000
  -7.86288432137e+000
  -8.01566984871e+000
  -8.16339250717e+000
  -8.30595899196e+000
  -8.44327925502e+000
  -8.57526656194e+000
  -8.70183754670e+000
  -8.82291226435e+000
  -8.93841424151e+000
  -9.04827052466e+000
  -9.15241172621e+000
  -9.25077206834e+000
  -9.34328942457e+000
  -9.42990535893e+000
  -9.51056516295e+000
  -9.58521789017e+000
  -9.65381638833e+000
  -9.71631732915e+000
  -9.77268123568e+000
  -9.82287250729e+000
  -9.86685944208e+000
  -9.90461425697e+000
  -9.93611310520e+000
  -9.96133609143e+000
  -9.98026728428e+000
  -9.99289472641e+000
  -9.99921044204e+000
  -9.99921044204e+000
  -9.99289472641e+000
  -9.98026728428e+000
  -9.96133609143e+000
  -9.93611310520e+000
  -9.90461425697e+000
  -9.86685944208e+000
  -9.82287250729e+000
  -9.77268123568e+000
  -9.71631732915e+000
  -9.65381638833e+000
  -9.58521789017e+000
  -9.51056516295e+000
  -9.42990535893e+000
  -9.34328942457e+000
  -9.25077206834e+000
  -9.15241172621e+000
  -9.04827052466e+000
  -8.93841424151e+000
  -8.82291226435e+000
  -8.70183754670e+000
  -8.57526656194e+000
  -8.44327925502e+000
  -8.30595899196e+000
  -8.16339250717e+000
  -8.01566984871e+000
  -7.86288432137e+000
  -7.70513242776e+000
  -7.54251380736e+000
  -7.37513117358e+000
  -7.20309024888e+000
  -7.02649969799e+000
  -6.84547105929e+000
  -6.66011867434e+000
  -6.47055961569e+000
  -6.27691361291e+000
  -6.07930297695e+000
  -5.87785252292e+000
  -5.67268949127e+000
  -5.46394346734e+000
  -5.25174629961e+000
  -5.03623201636e+000
  -4.81753674102e+000
  -4.59579860621e+000
  -4.37115766651e+000
  -4.14375580993e+000
  -3.91373666837e+000
  -3.68124552685e+000
  -3.44642923175e+000
  -3.20943609807e+000
  -2.97041581577e+000
  -2.72951935517e+000
  -2.48689887165e+000
  -2.24270760949e+000
  -1.99709980514e+000
  -1.75023058975e+000
  -1.50225589121e+000
  -1.25333233564e+000
  -1.00361714851e+000
  -7.53268055279e-001
  -5.02443181798e-001
  -2.51300954433e-001
  -2.44921270764e-015
  +2.51300954433e-001
  +5.02443181798e-001
  +7.53268055279e-001
  +1.00361714851e+000
  +1.25333233564e+000
  +1.50225589121e+000
  +1.75023058975e+000
  +1.99709980514e+000
  +2.24270760949e+000
  +2.48689887165e+000
  +2.72951935517e+000
  +2.97041581577e+000
  +3.20943609807e+000
  +3.44642923175e+000
  +3.68124552685e+000
  +3.91373666837e+000
  +4.14375580993e+000
  +4.37115766651e+000
  +4.59579860621e+000
  +4.81753674102e+000
  +5.03623201636e+000
  +5.25174629961e+000
  +5.46394346734e+000
  +5.67268949127e+000
  +5.87785252292e+000
  +6.07930297695e+000
  +6.27691361291e+000
  +6.47055961569e+000
  +6.66011867434e+000
  +6.84547105929e+000
  +7.02649969799e+000
  +7.20309024888e+000
  +7.37513117358e+000
  +7.54251380736e+000
  +7.70513242776e+000
  +7.86288432137e+000
  +8.01566984871e+000
  +8.16339250717e+000
  +8.30595899196e+000
  +8.44327925502e+000
  +8.57526656194e+000
  +8.70183754670e+000
  +8.82291226435e+000
  +8.93841424151e+000
  +9.04827052466e+000
  +9.15241172621e+000
  +9.25077206834e+000
  +9.34328942457e+000
  +9.42990535893e+000
  +9.51056516295e+000
  +9.58521789017e+000
  +9.65381638833e+000
  +9.71631732915e+000
  +9.77268123568e+000
  +9.82287250729e+000
  +9.86685944208e+000
  +9.90461425697e+000
  +9.93611310520e+000
  +9.96133609143e+000
  +9.98026728428e+000
  +9.99289472641e+000
  +9.99921044204e+000
  +9.99921044204e+000
  +9.99289472641e+000
  +9.98026728428e+000
  +9.96133609143e+000
  +9.93611310520e+000
  +9.90461425697e+000
  +9.86685944208e+000
  +9.82287250729e+000
  +9.77268123568e+000
  +9.71631732915e+000
  +9.65381638833e+000
  +9.58521789017e+000
  +9.51056516295e+000
  +9.42990535893e+000
  +9.34328942457e+000
  +9.25077206834e+000
  +9.15241172621e+000
  +9.04827052466e+000
  +8.93841424151e+000
  +8.82291226435e+000
  +8.70183754670e+000
  +8.57526656194e+000
  +8.44327925502e+000
  +8.30595899196e+000
  +8.16339250717e+000
  +8.01566984871e+000
  +7.86288432137e+000
  +7.70513242776e+000
  +7.54251380736e+000
  +7.37513117358e+000
  +7.20309024888e+000
  +7.02649969799e+000
  +6.84547105929e+000
  +6.66011867434e+000
  +6.47055961569e+000
  +6.27691361291e+000
  +6.07930297695e+000
  +5.87785252292e+000
  +5.67268949127e+000
  +5.46394346734e+000
  +5.25174629961e+000
  +5.03623201636e+000
  +4.81753674102e+000
  +4.59579860621e+000
  +4.37115766651e+000
  +4.14375580993e+000
  +3.91373666837e+000
  +3.68124552685e+000
  +3.44642923175e+000
  +3.20943609807e+000
  +2.97041581577e+000
  +2.72951935517e+000
  +2.48689887165e+000
  +2.24270760949e+000
  +1.99709980514e+000
  +1.75023058975e+000
  +1.50225589121e+000
  +1.25333233564e+000
  +1.00361714851e+000
  +7.53268055279e-001
  +5.02443181798e-001
  +2.51300954433e-001
  +3.67381906147e-015
  -2.51300954433e-001
  -5.02443181798e-001
  -7.53268055279e-001
  -1.00361714851e+000
  -1.25333233564e+000
  -1.50225589121e+000
  -1.75023058975e+000
  -1.99709980514e+000
  -2.24270760949e+000
  -2.48689887165e+000
  -2.72951935517e+000
  -2.97041581577e+000
  -3.20943609807e+000
  -3.44642923175e+000
  -3.68124552685e+000
  -3.91373666837e+000
  -4.14375580993e+000
  -4.37115766651e+000
  -4.59579860621e+000
  -4.81753674102e+000
  -5.03623201636e+000
  -5.25174629961e+000
  -5.46394346734e+000
  -5.67268949127e+000
  -5.87785252292e+000
  -6.07930297695e+000
  -6.27691361291e+000
  -6.47055961569e+000
  -6.66011867434e+000
  -6.84547105929e+000
  -7.02649969799e+000
  -7.20309024888e+000
  -7.37513117358e+000
  -7.54251380736e+000
  -7.70513242776e+000
  -7.86288432137e+000
  -8.01566984871e+000
  -8.16339250717e+000
  -8.30595899196e+000
  -8.44327925502e+000
  -8.57526656194e+000
  -8.70183754670e+000
  -8.82291226435e+000
  -8.93841424151e+000
  -9.04827052466e+000
  -9.15241172621e+000
  -9.25077206834e+000
  -9.34328942457e+000
  -9.42990535893e+000
  -9.51056516295e+000
  -9.58521789017e+000
  -9.65381638833e+000
  -9.71631732915e+000
  -9.77268123568e+000
  -9.82287250729e+000
  -9.86685944208e+000
  -9.90461425697e+000
  -9.93611310520e+000
  -9.96133609143e+000
  -9.98026728428e+000
  -9.99289472641e+000
  -9.99921044204e+000
  -9.99921044204e+000
  -9.99289472641e+000
  -9.98026728428e+000
  -9.96133609143e+000
  -9.93611310520e+000
  -9.90461425697e+000
  -9.86685944208e+000
  -9.82287250729e+000
  -9.77268123568e+000
  -9.71631732915e+000
  -9.65381638833e+000
  -9.58521789017e+000
  -9.51056516295e+000
  -9.42990535893e+000
  -9.34328942457e+000
  -9.25077206834e+000
  -9.15241172621e+000
  -9.04827052466e+000
  -8.93841424151e+000
  -8.82291226435e+000
  -8.70183754670e+000
  -8.57526656194e+000
  -8.44327925502e+000
  -8.30595899196e+000
  -8.16339250717e+000
  -8.01566984871e+000
  -7.86288432137e+000
  -7.70513242776e+000
  -7.54251380736e+000
  -7.37513117358e+000
  -7.20309024888e+000
  -7.02649969799e+000
  -6.84547105929e+000
  -6.66011867434e+000
  -6.47055961569e+000
  -6.27691361291e+000
  -6.07930297695e+000
  -5.87785252292e+000
  -5.67268949127e+000
  -5.46394346734e+000
  -5.25174629961e+000
  -5.03623201636e+000
  -4.81753674102e+000
  -4.59579860621e+000
  -4.37115766651e+000
  -4.14375580993e+000
  -3.91373666837e+000
  -3.68124552685e+000
  -3.44642923175e+000
  -3.20943609807e+000
  -2.97041581577e+000
  -2.72951935517e+000
  -2.48689887165e+000
  -2.24270760949e+000
  -1.99709980514e+000
  -1.75023058975e+000
  -1.50225589121e+000
  -1.25333233564e+000
  -1.00361714851e+000
  -7.53268055279e-001
  -5.02443181798e-001
  -2.51300954433e-001
  -4.89842541529e-015
</dep>
<dep Vs1.Vt time>
  +0.00000000000e+000
  +9.46223333102e-008
  +2.73052533784e-004
  +9.87910243603e-002
  +3.18849006038e-001
  +5.54269731645e-001
  +7.93904354198e-001
  +1.03502269017e+000
  +1.27647135102e+000
  +1.51760586258e+000
  +1.75799583123e+000
  +1.99731681349e+000
  +2.23530305605e+000
  +2.47172419728e+000
  +2.70637272509e+000
  +2.93905675926e+000
  +3.16959567612e+000
  +3.39781734581e+000
  +3.62355633034e+000
  +3.84665267898e+000
  +4.06695110727e+000
  +4.28430043096e+000
  +4.49855317266e+000
  +4.70956528901e+000
  +4.91719598300e+000
  +5.12130757779e+000
  +5.32176543524e+000
  +5.51843790788e+000
  +5.71119631530e+000
  +5.89991493946e+000
  +6.08447103381e+000
  +6.26474484321e+000
  +6.44061963175e+000
  +6.61198171671e+000
  +6.77872050687e+000
  +6.94072854425e+000
  +7.09790154790e+000
  +7.25013845942e+000
  +7.39734148921e+000
  +7.53941616318e+000
  +7.67627136933e+000
  +7.80781940402e+000
  +7.93397601744e+000
  +8.05466045829e+000
  +8.16979551714e+000
  +8.27930756868e+000
  +8.38312661228e+000
  +8.48118631118e+000
  +8.57342402975e+000
  +8.65978086916e+000
  +8.74020170092e+000
  +8.81463519870e+000
  +8.88303386791e+000
  +8.94535407334e+000
  +9.00155606450e+000
  +9.05160399898e+000
  +9.09546596340e+000
  +9.13311399220e+000
  +9.16452408412e+000
  +9.18967621638e+000
  +9.20855435647e+000
  +9.22114647173e+000
  +9.22744453639e+000
  +9.22744453639e+000
  +9.22114647172e+000
  +9.20855435647e+000
  +9.18967621637e+000
  +9.16452408413e+000
  +9.13311399220e+000
  +9.09546596340e+000
  +9.05160399898e+000
  +9.00155606450e+000
  +8.94535407333e+000
  +8.88303386792e+000
  +8.81463519870e+000
  +8.74020170092e+000
  +8.65978086915e+000
  +8.57342402976e+000
  +8.48118631117e+000
  +8.38312661228e+000
  +8.27930756867e+000
  +8.16979551714e+000
  +8.05466045828e+000
  +7.93397601745e+000
  +7.80781940402e+000
  +7.67627136934e+000
  +7.53941616318e+000
  +7.39734148921e+000
  +7.25013845942e+000
  +7.09790154790e+000
  +6.94072854425e+000
  +6.77872050688e+000
  +6.61198171670e+000
  +6.44061963175e+000
  +6.26474484320e+000
  +6.08447103381e+000
  +5.89991493945e+000
  +5.71119631530e+000
  +5.51843790787e+000
  +5.32176543524e+000
  +5.12130757778e+000
  +4.91719598300e+000
  +4.70956528900e+000
  +4.49855317265e+000
  +4.28430043095e+000
  +4.06695110727e+000
  +3.84665267896e+000
  +3.62355633034e+000
  +3.39781734579e+000
  +3.16959567611e+000
  +2.93905675923e+000
  +2.70637272507e+000
  +2.47172419724e+000
  +2.23530305602e+000
  +1.99731681343e+000
  +1.75799583119e+000
  +1.51760586249e+000
  +1.27647135093e+000
  +1.03502268999e+000
  +7.93904353971e-001
  +5.54269731069e-001
  +3.18849004573e-001
  +9.87910130252e-002
  +2.72843852309e-004
  -5.95196080838e-008
  -6.51958376020e-008
  -5.14634827133e-008
  -5.02765299121e-008
  -4.10770331714e-008
  -4.24742490369e-008
  -3.49129796091e-008
  -3.74249567368e-008
  -3.06621986493e-008
  -3.37683913476e-008
  -2.74615549901e-008
  -3.09259112140e-008
  -2.49062836058e-008
  -2.86045921603e-008
  -2.27784189373e-008
  -2.66384314133e-008
  -2.09490183337e-008
  -2.49255611973e-008
  -1.93364123854e-008
  -2.33996547741e-008
  -1.78861180279e-008
  -2.20155008554e-008
  -1.65602761421e-008
  -2.07411359321e-008
  -1.53317007431e-008
  -1.95532809128e-008
  -1.41803358298e-008
  -1.84345588182e-008
  -1.30910479164e-008
  -1.73717267241e-008
  -1.20521975525e-008
  -1.63545123045e-008
  -1.10546846360e-008
  -1.53748249843e-008
  -1.00912923695e-008
  -1.44262070158e-008
  -9.15622534714e-009
  -1.35034426839e-008
  -8.24477725304e-009
  -1.26022743756e-008
  -7.35308714859e-009
  -1.17191924672e-008
  -6.47795757083e-009
  -1.08512772050e-008
  -5.61671654728e-009
  -9.99607782852e-009
  -4.76711131438e-009
  -9.15151877549e-009
  -3.92722523997e-009
  -8.31582582715e-009
  -3.09541192803e-009
  -7.48746709309e-009
  -2.27024216394e-009
  -6.66510512546e-009
  -1.45046051721e-009
  -5.84755741891e-009
  -6.34949226341e-010
  -5.03376323035e-009
  +1.77302440594e-010
  -4.22275513027e-009
  +9.87224753995e-010
  -3.41363403577e-009
  +1.79569113999e-009
  -2.60554671197e-009
  +2.60353977179e-009
  -1.79766488974e-009
  +3.41159392897e-009
  -9.89165249996e-010
  +4.22068184222e-009
  -1.79209578603e-010
  +5.03165670880e-009
  +6.33075593384e-010
  +5.84541757460e-009
  +1.44862058141e-009
  +6.66293183261e-009
  +2.26843616549e-009
  +7.48526018985e-009
  +3.09364015899e-009
  +8.31358511605e-009
  +3.92548804899e-009
  +9.14924402426e-009
  +4.76540911277e-009
  +9.99376877118e-009
  +5.61504981676e-009
  +1.08489335438e-008
  +6.47632687348e-009
  +1.17168138759e-008
  +7.35149314005e-009
  +1.25998605042e-008
  +8.24322069986e-009
  +1.35009931676e-008
  +9.15470715035e-009
  +1.44237214873e-008
  +1.00898135971e-008
  +1.53723030959e-008
  +1.10532465690e-008
  +1.63519537611e-008
  +1.20508017515e-008
  +1.73691313389e-008
  +1.30896963205e-008
  +1.84319266025e-008
  +1.41790309097e-008
  +1.95506122277e-008
  +1.53304457439e-008
  +2.07384317483e-008
  +1.65590754868e-008
  +2.20127632142e-008
  +1.78849780152e-008
  +2.33968876362e-008
  +1.93353424626e-008
  +2.49227720811e-008
  +2.09480335593e-008
  +2.66356347440e-008
  +2.27775450895e-008
  +2.86018166259e-008
  +2.49055687299e-008
  +3.09232174530e-008
  +2.74610984337e-008
  +3.37659197670e-008
  +3.06622349097e-008
  +3.74230788490e-008
  +3.49141706777e-008
  +4.24741662953e-008
  +4.10818113963e-008
  +5.02836207107e-008
  +5.14857601161e-008
  +6.52566533006e-008
  +9.28040121029e-008
  +2.73054478363e-004
  +9.87910245408e-002
  +3.18849005906e-001
  +5.54269731681e-001
  +7.93904354173e-001
  +1.03502269019e+000
  +1.27647135100e+000
  +1.51760586260e+000
  +1.75799583122e+000
  +1.99731681350e+000
  +2.23530305604e+000
  +2.47172419729e+000
  +2.70637272508e+000
  +2.93905675927e+000
  +3.16959567612e+000
  +3.39781734581e+000
  +3.62355633034e+000
  +3.84665267898e+000
  +4.06695110726e+000
  +4.28430043097e+000
  +4.49855317265e+000
  +4.70956528902e+000
  +4.91719598300e+000
  +5.12130757779e+000
  +5.32176543524e+000
  +5.51843790788e+000
  +5.71119631530e+000
  +5.89991493946e+000
  +6.08447103380e+000
  +6.26474484321e+000
  +6.44061963174e+000
  +6.61198171671e+000
  +6.77872050687e+000
  +6.94072854426e+000
  +7.09790154790e+000
  +7.25013845943e+000
  +7.39734148921e+000
  +7.53941616319e+000
  +7.67627136933e+000
  +7.80781940402e+000
  +7.93397601744e+000
  +8.05466045829e+000
  +8.16979551714e+000
  +8.27930756868e+000
  +8.38312661228e+000
  +8.48118631118e+000
  +8.57342402975e+000
  +8.65978086916e+000
  +8.74020170092e+000
  +8.81463519870e+000
  +8.88303386791e+000
  +8.94535407334e+000
  +9.00155606449e+000
  +9.05160399898e+000
  +9.09546596340e+000
  +9.13311399221e+000
  +9.16452408412e+000
  +9.18967621638e+000
  +9.20855435647e+000
  +9.22114647173e+000
  +9.22744453638e+000
  +9.22744453639e+000
  +9.22114647172e+000
  +9.20855435647e+000
  +9.18967621637e+000
  +9.16452408413e+000
  +9.13311399220e+000
  +9.09546596340e+000
  +9.05160399897e+000
  +9.00155606450e+000
  +8.94535407333e+000
  +8.88303386792e+000
  +8.81463519870e+000
  +8.74020170092e+000
  +8.65978086915e+000
  +8.57342402976e+000
  +8.48118631117e+000
  +8.38312661228e+000
  +8.27930756867e+000
  +8.16979551715e+000
  +8.05466045828e+000
  +7.93397601745e+000
  +7.80781940401e+000
  +7.67627136934e+000
  +7.53941616318e+000
  +7.39734148922e+000
  +7.25013845941e+000
  +7.09790154791e+000
  +6.94072854424e+000
  +6.77872050688e+000
  +6.61198171670e+000
  +6.44061963175e+000
  +6.26474484320e+000
  +6.08447103381e+000
  +5.89991493945e+000
  +5.71119631530e+000
  +5.51843790787e+000
  +5.32176543525e+000
  +5.12130757777e+000
  +4.91719598301e+000
  +4.70956528899e+000
  +4.49855317266e+000
  +4.28430043094e+000
  +4.06695110727e+000
  +3.84665267895e+000
  +3.62355633035e+000
  +3.39781734578e+000
  +3.16959567612e+000
  +2.93905675923e+000
  +2.70637272508e+000
  +2.47172419723e+000
  +2.23530305603e+000
  +1.99731681342e+000
  +1.75799583120e+000
  +1.51760586248e+000
  +1.27647135095e+000
  +1.03502268997e+000
  +7.93904353996e-001
  +5.54269731033e-001
  +3.18849004633e-001
  +9.87910131295e-002
  +2.72842386928e-004
  -6.08664245594e-008
  -6.19063118389e-008
  -5.47460300786e-008
  -4.69878984689e-008
  -4.43610674919e-008
  -3.91868606805e-008
  -3.81977987046e-008
  -3.41382052193e-008
  -3.39473941897e-008
  -3.04819919434e-008
  -3.07469405533e-008
  -2.76397275644e-008
  -2.81917681694e-008
  -2.53185530265e-008
  -2.60639544818e-008
  -2.33524964624e-008
  -2.42345778339e-008
  -2.16397059996e-008
  -2.26219798290e-008
  -2.01138636773e-008
  -2.11716835375e-008
  -1.87297633474e-008
  -1.98458334309e-008
  -1.74554446658e-008
  -1.86172457132e-008
  -1.62676305759e-008
  -1.74658657639e-008
  -1.51489454558e-008
  -1.63765609917e-008
  -1.40861473176e-008
  -1.53376925397e-008
  -1.30689644998e-008
  -1.43401607061e-008
  -1.20893069119e-008
  -1.33767489682e-008
  -1.11407171676e-008
  -1.24416621098e-008
  -1.02179798280e-008
  -1.15301939473e-008
  -9.31683749494e-009
  -1.06384836342e-008
  -8.43378071576e-009
  -9.76333377138e-009
  -7.56588987475e-009
  -8.90207243032e-009
  -6.71071432544e-009
  -8.05244687684e-009
  -5.86617860090e-009
  -7.21254049771e-009
  -5.03050856376e-009
  -6.38070690817e-009
  -4.20217239423e-009
  -5.55551689924e-009
  -3.37983270674e-009
  -4.73571504196e-009
  -2.56230705195e-009
  -3.92018357338e-009
  -1.74853473789e-009
  -3.10791175800e-009
  -9.37548382691e-010
  -2.29796932042e-009
  -1.28448948611e-010
  -1.48948282856e-009
  +6.79616755600e-010
  -6.81614102876e-010
  +1.48747695611e-009
  +1.26460142571e-010
  +2.29595492888e-009
  +9.35568144409e-010
  +3.10588884391e-009
  +1.74656310492e-009
  +3.91815212411e-009
  +2.56034407363e-009
  +4.73367503603e-009
  +3.37787844512e-009
  +5.55346830674e-009
  +4.20022692515e-009
  +6.37864969114e-009
  +5.02857197836e-009
  +7.21047461071e-009
  +5.86425100741e-009
  +8.05037226771e-009
  +6.70879585154e-009
  +8.89998904125e-009
  +7.56398067062e-009
  +9.76124154042e-009
  +8.43188095812e-009
  +1.06363824976e-008
  +9.31494739241e-009
  +1.15280838431e-008
  +1.02160996284e-008
  +1.24395429829e-008
  +1.11388471681e-008
  +1.33746207781e-008
  +1.20874474734e-008
  +1.43380234397e-008
  +1.30671160677e-008
  +1.53355462302e-008
  +1.40843104526e-008
  +1.63744057494e-008
  +1.51471208815e-008
  +1.74637018261e-008
  +1.62658192536e-008
  +1.86150735282e-008
  +1.74536479172e-008
  +1.98436538022e-008
  +1.87279830638e-008
  +2.11694978826e-008
  +2.01121026940e-008
  +2.26197906626e-008
  +2.16379688001e-008
  +2.42323897233e-008
  +2.33507905948e-008
  +2.60617760585e-008
  +2.53168921706e-008
  +2.81896167287e-008
  +2.76381388382e-008
  +3.07448537117e-008
  +3.04805355221e-008
  +3.39454637273e-008
  +3.41370361479e-008
  +3.81962889352e-008
  +3.91864727186e-008
  +4.43609597513e-008
  +4.69904837864e-008
  +5.47529586206e-008
  +6.19319248141e-008
</dep>
<dep V1.It time>
  +0.00000000000e+000
  -9.46223333102e-011
  -2.73052533784e-007
  -9.87910243603e-005
  -3.18849006038e-004
  -5.54269731645e-004
  -7.93904354198e-004
  -1.03502269017e-003
  -1.27647135102e-003
  -1.51760586258e-003
  -1.75799583123e-003
  -1.99731681349e-003
  -2.23530305605e-003
  -2.47172419728e-003
  -2.70637272509e-003
  -2.93905675926e-003
  -3.16959567612e-003
  -3.39781734581e-003
  -3.62355633034e-003
  -3.84665267898e-003
  -4.06695110727e-003
  -4.28430043096e-003
  -4.49855317266e-003
  -4.70956528901e-003
  -4.91719598300e-003
  -5.12130757779e-003
  -5.32176543524e-003
  -5.51843790788e-003
  -5.71119631530e-003
  -5.89991493946e-003
  -6.08447103381e-003
  -6.26474484321e-003
  -6.44061963175e-003
  -6.61198171671e-003
  -6.77872050687e-003
  -6.94072854425e-003
  -7.09790154790e-003
  -7.25013845942e-003
  -7.39734148921e-003
  -7.53941616318e-003
  -7.67627136933e-003
  -7.80781940402e-003
  -7.93397601744e-003
  -8.05466045829e-003
  -8.16979551714e-003
  -8.27930756868e-003
  -8.38312661228e-003
  -8.48118631118e-003
  -8.57342402975e-003
  -8.65978086916e-003
  -8.74020170092e-003
  -8.81463519870e-003
  -8.88303386791e-003
  -8.94535407334e-003
  -9.00155606450e-003
  -9.05160399898e-003
  -9.09546596340e-003
  -9.13311399220e-003
  -9.16452408412e-003
  -9.18967621638e-003
  -9.20855435647e-003
  -9.22114647173e-003
  -9.22744453639e-003
  -9.22744453639e-003
  -9.22114647172e-003
  -9.20855435647e-003
  -9.18967621637e-003
  -9.16452408412e-003
  -9.13311399220e-003
  -9.09546596340e-003
  -9.05160399898e-003
  -9.00155606450e-003
  -8.94535407333e-003
  -8.88303386792e-003
  -8.81463519870e-003
  -8.74020170092e-003
  -8.65978086915e-003
  -8.57342402976e-003
  -8.48118631117e-003
  -8.38312661228e-003
  -8.27930756867e-003
  -8.16979551714e-003
  -8.05466045828e-003
  -7.93397601745e-003
  -7.80781940402e-003
  -7.67627136934e-003
  -7.53941616318e-003
  -7.39734148921e-003
  -7.25013845942e-003
  -7.09790154790e-003
  -6.94072854425e-003
  -6.77872050688e-003
  -6.61198171670e-003
  -6.44061963175e-003
  -6.26474484320e-003
  -6.08447103381e-003
  -5.89991493945e-003
  -5.71119631530e-003
  -5.51843790787e-003
  -5.32176543524e-003
  -5.12130757778e-003
  -4.91719598300e-003
  -4.70956528900e-003
  -4.49855317265e-003
  -4.28430043095e-003
  -4.06695110727e-003
  -3.84665267896e-003
  -3.62355633034e-003
  -3.39781734579e-003
  -3.16959567611e-003
  -2.93905675923e-003
  -2.70637272507e-003
  -2.47172419724e-003
  -2.23530305602e-003
  -1.99731681343e-003
  -1.75799583119e-003
  -1.51760586249e-003
  -1.27647135093e-003
  -1.03502268999e-003
  -7.93904353971e-004
  -5.54269731069e-004
  -3.18849004573e-004
  -9.87910130252e-005
  -2.72843852309e-007
  +5.95196080838e-011
  +6.51958376020e-011
  +5.14634827133e-011
  +5.02765299121e-011
  +4.10770331714e-011
  +4.24742490369e-011
  +3.49129796091e-011
  +3.74249567368e-011
  +3.06621986493e-011
  +3.37683913476e-011
  +2.74615549901e-011
  +3.09259112140e-011
  +2.49062836058e-011
  +2.86045921603e-011
  +2.27784189373e-011
  +2.66384314133e-011
  +2.09490183337e-011
  +2.49255611973e-011
  +1.93364123854e-011
  +2.33996547741e-011
  +1.78861180279e-011
  +2.20155008554e-011
  +1.65602761421e-011
  +2.07411359321e-011
  +1.53317007431e-011
  +1.95532809128e-011
  +1.41803358298e-011
  +1.84345588182e-011
  +1.30910479164e-011
  +1.73717267241e-011
  +1.20521975525e-011
  +1.63545123045e-011
  +1.10546846360e-011
  +1.53748249843e-011
  +1.00912923695e-011
  +1.44262070158e-011
  +9.15622534714e-012
  +1.35034426839e-011
  +8.24477725304e-012
  +1.26022743756e-011
  +7.35308714859e-012
  +1.17191924672e-011
  +6.47795757083e-012
  +1.08512772050e-011
  +5.61671654728e-012
  +9.99607782852e-012
  +4.76711131438e-012
  +9.15151877549e-012
  +3.92722523997e-012
  +8.31582582715e-012
  +3.09541192803e-012
  +7.48746709309e-012
  +2.27024216394e-012
  +6.66510512546e-012
  +1.45046051721e-012
  +5.84755741891e-012
  +6.34949226341e-013
  +5.03376323035e-012
  -1.77302440594e-013
  +4.22275513027e-012
  -9.87224753995e-013
  +3.41363403577e-012
  -1.79569113999e-012
  +2.60554671197e-012
  -2.60353977179e-012
  +1.79766488974e-012
  -3.41159392897e-012
  +9.89165249996e-013
  -4.22068184222e-012
  +1.79209578603e-013
  -5.03165670880e-012
  -6.33075593384e-013
  -5.84541757460e-012
  -1.44862058141e-012
  -6.66293183261e-012
  -2.26843616549e-012
  -7.48526018985e-012
  -3.09364015899e-012
  -8.31358511605e-012
  -3.92548804899e-012
  -9.14924402426e-012
  -4.76540911277e-012
  -9.99376877118e-012
  -5.61504981676e-012
  -1.08489335438e-011
  -6.47632687348e-012
  -1.17168138759e-011
  -7.35149314005e-012
  -1.25998605042e-011
  -8.24322069986e-012
  -1.35009931676e-011
  -9.15470715035e-012
  -1.44237214873e-011
  -1.00898135971e-011
  -1.53723030959e-011
  -1.10532465690e-011
  -1.63519537611e-011
  -1.20508017515e-011
  -1.73691313389e-011
  -1.30896963205e-011
  -1.84319266025e-011
  -1.41790309097e-011
  -1.95506122277e-011
  -1.53304457439e-011
  -2.07384317483e-011
  -1.65590754868e-011
  -2.20127632142e-011
  -1.78849780152e-011
  -2.33968876362e-011
  -1.93353424626e-011
  -2.49227720811e-011
  -2.09480335593e-011
  -2.66356347440e-011
  -2.27775450895e-011
  -2.86018166259e-011
  -2.49055687299e-011
  -3.09232174530e-011
  -2.74610984337e-011
  -3.37659197670e-011
  -3.06622349097e-011
  -3.74230788490e-011
  -3.49141706777e-011
  -4.24741662953e-011
  -4.10818113963e-011
  -5.02836207107e-011
  -5.14857601161e-011
  -6.52566533006e-011
  -9.28040121029e-011
  -2.73054478363e-007
  -9.87910245408e-005
  -3.18849005906e-004
  -5.54269731681e-004
  -7.93904354173e-004
  -1.03502269019e-003
  -1.27647135100e-003
  -1.51760586260e-003
  -1.75799583122e-003
  -1.99731681350e-003
  -2.23530305604e-003
  -2.47172419729e-003
  -2.70637272508e-003
  -2.93905675927e-003
  -3.16959567612e-003
  -3.39781734581e-003
  -3.62355633034e-003
  -3.84665267898e-003
  -4.06695110726e-003
  -4.28430043097e-003
  -4.49855317265e-003
  -4.70956528902e-003
  -4.91719598300e-003
  -5.12130757779e-003
  -5.32176543524e-003
  -5.51843790788e-003
  -5.71119631530e-003
  -5.89991493946e-003
  -6.08447103380e-003
  -6.26474484321e-003
  -6.44061963174e-003
  -6.61198171671e-003
  -6.77872050687e-003
  -6.94072854426e-003
  -7.09790154790e-003
  -7.25013845943e-003
  -7.39734148921e-003
  -7.53941616319e-003
  -7.67627136933e-003
  -7.80781940402e-003
  -7.93397601744e-003
  -8.05466045829e-003
  -8.16979551714e-003
  -8.27930756868e-003
  -8.38312661228e-003
  -8.48118631118e-003
  -8.57342402975e-003
  -8.65978086916e-003
  -8.74020170092e-003
  -8.81463519870e-003
  -8.88303386791e-003
  -8.94535407334e-003
  -9.00155606449e-003
  -9.05160399898e-003
  -9.09546596340e-003
  -9.13311399221e-003
  -9.16452408412e-003
  -9.18967621638e-003
  -9.20855435647e-003
  -9.22114647173e-003
  -9.22744453638e-003
  -9.22744453639e-003
  -9.22114647172e-003
  -9.20855435647e-003
  -9.18967621637e-003
  -9.16452408413e-003
  -9.13311399220e-003
  -9.09546596340e-003
  -9.05160399897e-003
  -9.00155606450e-003
  -8.94535407333e-003
  -8.88303386792e-003
  -8.81463519870e-003
  -8.74020170092e-003
  -8.65978086915e-003
  -8.57342402976e-003
  -8.48118631117e-003
  -8.38312661228e-003
  -8.27930756867e-003
  -8.16979551715e-003
  -8.05466045828e-003
  -7.93397601745e-003
  -7.80781940401e-003
  -7.67627136934e-003
  -7.53941616318e-003
  -7.39734148922e-003
  -7.25013845941e-003
  -7.09790154791e-003
  -6.94072854424e-003
  -6.77872050688e-003
  -6.61198171670e-003
  -6.44061963175e-003
  -6.26474484320e-003
  -6.08447103381e-003
  -5.89991493945e-003
  -5.71119631530e-003
  -5.51843790787e-003
  -5.32176543525e-003
  -5.12130757777e-003
  -4.91719598301e-003
  -4.70956528899e-003
  -4.49855317266e-003
  -4.28430043094e-003
  -4.06695110727e-003
  -3.84665267895e-003
  -3.62355633035e-003
  -3.39781734578e-003
  -3.16959567612e-003
  -2.93905675923e-003
  -2.70637272508e-003
  -2.47172419723e-003
  -2.23530305603e-003
  -1.99731681342e-003
  -1.75799583120e-003
  -1.51760586248e-003
  -1.27647135095e-003
  -1.03502268997e-003
  -7.93904353996e-004
  -5.54269731033e-004
  -3.18849004633e-004
  -9.87910131295e-005
  -2.72842386928e-007
  +6.08664245594e-011
  +6.19063118389e-011
  +5.47460300786e-011
  +4.69878984689e-011
  +4.43610674919e-011
  +3.91868606805e-011
  +3.81977987046e-011
  +3.41382052193e-011
  +3.39473941897e-011
  +3.04819919434e-011
  +3.07469405533e-011
  +2.76397275644e-011
  +2.81917681694e-011
  +2.53185530265e-011
  +2.60639544818e-011
  +2.33524964624e-011
  +2.42345778339e-011
  +2.16397059996e-011
  +2.26219798290e-011
  +2.01138636773e-011
  +2.11716835375e-011
  +1.87297633474e-011
  +1.98458334309e-011
  +1.74554446658e-011
  +1.86172457132e-011
  +1.62676305759e-011
  +1.74658657639e-011
  +1.51489454558e-011
  +1.63765609917e-011
  +1.40861473176e-011
  +1.53376925397e-011
  +1.30689644998e-011
  +1.43401607061e-011
  +1.20893069119e-011
  +1.33767489682e-011
  +1.11407171676e-011
  +1.24416621098e-011
  +1.02179798280e-011
  +1.15301939473e-011
  +9.31683749494e-012
  +1.06384836342e-011
  +8.43378071576e-012
  +9.76333377138e-012
  +7.56588987475e-012
  +8.90207243032e-012
  +6.71071432544e-012
  +8.05244687684e-012
  +5.86617860090e-012
  +7.21254049771e-012
  +5.03050856376e-012
  +6.38070690817e-012
  +4.20217239423e-012
  +5.55551689924e-012
  +3.37983270674e-012
  +4.73571504196e-012
  +2.56230705195e-012
  +3.92018357338e-012
  +1.74853473789e-012
  +3.10791175800e-012
  +9.37548382691e-013
  +2.29796932042e-012
  +1.28448948611e-013
  +1.48948282856e-012
  -6.79616755600e-013
  +6.81614102876e-013
  -1.48747695611e-012
  -1.26460142571e-013
  -2.29595492888e-012
  -9.35568144409e-013
  -3.10588884391e-012
  -1.74656310492e-012
  -3.91815212411e-012
  -2.56034407363e-012
  -4.73367503603e-012
  -3.37787844512e-012
  -5.55346830674e-012
  -4.20022692515e-012
  -6.37864969114e-012
  -5.02857197836e-012
  -7.21047461071e-012
  -5.86425100741e-012
  -8.05037226771e-012
  -6.70879585154e-012
  -8.89998904125e-012
  -7.56398067062e-012
  -9.76124154042e-012
  -8.43188095812e-012
  -1.06363824976e-011
  -9.31494739241e-012
  -1.15280838431e-011
  -1.02160996284e-011
  -1.24395429829e-011
  -1.11388471681e-011
  -1.33746207781e-011
  -1.20874474734e-011
  -1.43380234397e-011
  -1.30671160677e-011
  -1.53355462302e-011
  -1.40843104526e-011
  -1.63744057494e-011
  -1.51471208815e-011
  -1.74637018261e-011
  -1.62658192536e-011
  -1.86150735282e-011
  -1.74536479172e-011
  -1.98436538022e-011
  -1.87279830638e-011
  -2.11694978826e-011
  -2.01121026940e-011
  -2.26197906626e-011
  -2.16379688001e-011
  -2.42323897233e-011
  -2.33507905948e-011
  -2.60617760585e-011
  -2.53168921706e-011
  -2.81896167287e-011
  -2.76381388382e-011
  -3.07448537117e-011
  -3.04805355221e-011
  -3.39454637273e-011
  -3.41370361479e-011
  -3.81962889352e-011
  -3.91864727186e-011
  -4.43609597513e-011
  -4.69904837864e-011
  -5.47529586206e-011
  -6.19319248141e-011
</dep>
<dep _net0.Vt time>
  +0.00000000000e+000
  +9.46223333102e-008
  +2.73052533784e-004
  +9.87910243603e-002
  +3.18849006038e-001
  +5.54269731645e-001
  +7.93904354198e-001
  +1.03502269017e+000
  +1.27647135102e+000
  +1.51760586258e+000
  +1.75799583123e+000
  +1.99731681349e+000
  +2.23530305605e+000
  +2.47172419728e+000
  +2.70637272509e+000
  +2.93905675926e+000
  +3.16959567612e+000
  +3.39781734581e+000
  +3.62355633034e+000
  +3.84665267898e+000
  +4.06695110727e+000
  +4.28430043096e+000
  +4.49855317266e+000
  +4.70956528901e+000
  +4.91719598300e+000
  +5.12130757779e+000
  +5.32176543524e+000
  +5.51843790788e+000
  +5.71119631530e+000
  +5.89991493946e+000
  +6.08447103381e+000
  +6.26474484321e+000
  +6.44061963175e+000
  +6.61198171671e+000
  +6.77872050687e+000
  +6.94072854425e+000
  +7.09790154790e+000
  +7.25013845942e+000
  +7.39734148921e+000
  +7.53941616318e+000
  +7.67627136933e+000
  +7.80781940402e+000
  +7.93397601744e+000
  +8.05466045829e+000
  +8.16979551714e+000
  +8.27930756868e+000
  +8.38312661228e+000
  +8.48118631118e+000
  +8.57342402975e+000
  +8.65978086916e+000
  +8.74020170092e+000
  +8.81463519870e+000
  +8.88303386791e+000
  +8.94535407334e+000
  +9.00155606450e+000
  +9.05160399898e+000
  +9.09546596340e+000
  +9.13311399220e+000
  +9.16452408412e+000
  +9.18967621638e+000
  +9.20855435647e+000
  +9.22114647173e+000
  +9.22744453639e+000
  +9.22744453639e+000
  +9.22114647172e+000
  +9.20855435647e+000
  +9.18967621637e+000
  +9.16452408413e+000
  +9.13311399220e+000
  +9.09546596340e+000
  +9.05160399898e+000
  +9.00155606450e+000
  +8.94535407333e+000
  +8.88303386792e+000
  +8.81463519870e+000
  +8.74020170092e+000
  +8.65978086915e+000
  +8.57342402976e+000
  +8.48118631117e+000
  +8.38312661228e+000
  +8.27930756867e+000
  +8.16979551714e+000
  +8.05466045828e+000
  +7.93397601745e+000
  +7.80781940402e+000
  +7.67627136934e+000
  +7.53941616318e+000
  +7.39734148921e+000
  +7.25013845942e+000
  +7.09790154790e+000
  +6.94072854425e+000
  +6.77872050688e+000
  +6.61198171670e+000
  +6.44061963175e+000
  +6.26474484320e+000
  +6.08447103381e+000
  +5.89991493945e+000
  +5.71119631530e+000
  +5.51843790787e+000
  +5.32176543524e+000
  +5.12130757778e+000
  +4.91719598300e+000
  +4.70956528900e+000
  +4.49855317265e+000
  +4.28430043095e+000
  +4.06695110727e+000
  +3.84665267896e+000
  +3.62355633034e+000
  +3.39781734579e+000
  +3.16959567611e+000
  +2.93905675923e+000
  +2.70637272507e+000
  +2.47172419724e+000
  +2.23530305602e+000
  +1.99731681343e+000
  +1.75799583119e+000
  +1.51760586249e+000
  +1.27647135093e+000
  +1.03502268999e+000
  +7.93904353971e-001
  +5.54269731069e-001
  +3.18849004573e-001
  +9.87910130252e-002
  +2.72843852309e-004
  -5.95196080838e-008
  -6.51958376020e-008
  -5.14634827133e-008
  -5.02765299121e-008
  -4.10770331714e-008
  -4.24742490369e-008
  -3.49129796091e-008
  -3.74249567368e-008
  -3.06621986493e-008
  -3.37683913476e-008
  -2.74615549901e-008
  -3.09259112140e-008
  -2.49062836058e-008
  -2.86045921603e-008
  -2.27784189373e-008
  -2.66384314133e-008
  -2.09490183337e-008
  -2.49255611973e-008
  -1.93364123854e-008
  -2.33996547741e-008
  -1.78861180279e-008
  -2.20155008554e-008
  -1.65602761421e-008
  -2.07411359321e-008
  -1.53317007431e-008
  -1.95532809128e-008
  -1.41803358298e-008
  -1.84345588182e-008
  -1.30910479164e-008
  -1.73717267241e-008
  -1.20521975525e-008
  -1.63545123045e-008
  -1.10546846360e-008
  -1.53748249843e-008
  -1.00912923695e-008
  -1.44262070158e-008
  -9.15622534714e-009
  -1.35034426839e-008
  -8.24477725304e-009
  -1.26022743756e-008
  -7.35308714859e-009
  -1.17191924672e-008
  -6.47795757083e-009
  -1.08512772050e-008
  -5.61671654728e-009
  -9.99607782852e-009
  -4.76711131438e-009
  -9.15151877549e-009
  -3.92722523997e-009
  -8.31582582715e-009
  -3.09541192803e-009
  -7.48746709309e-009
  -2.27024216394e-009
  -6.66510512546e-009
  -1.45046051721e-009
  -5.84755741891e-009
  -6.34949226341e-010
  -5.03376323035e-009
  +1.77302440594e-010
  -4.22275513027e-009
  +9.87224753995e-010
  -3.41363403577e-009
  +1.79569113999e-009
  -2.60554671197e-009
  +2.60353977179e-009
  -1.79766488974e-009
  +3.41159392897e-009
  -9.89165249996e-010
  +4.22068184222e-009
  -1.79209578603e-010
  +5.03165670880e-009
  +6.33075593384e-010
  +5.84541757460e-009
  +1.44862058141e-009
  +6.66293183261e-009
  +2.26843616549e-009
  +7.48526018985e-009
  +3.09364015899e-009
  +8.31358511605e-009
  +3.92548804899e-009
  +9.14924402426e-009
  +4.76540911277e-009
  +9.99376877118e-009
  +5.61504981676e-009
  +1.08489335438e-008
  +6.47632687348e-009
  +1.17168138759e-008
  +7.35149314005e-009
  +1.25998605042e-008
  +8.24322069986e-009
  +1.35009931676e-008
  +9.15470715035e-009
  +1.44237214873e-008
  +1.00898135971e-008
  +1.53723030959e-008
  +1.10532465690e-008
  +1.63519537611e-008
  +1.20508017515e-008
  +1.73691313389e-008
  +1.30896963205e-008
  +1.84319266025e-008
  +1.41790309097e-008
  +1.95506122277e-008
  +1.53304457439e-008
  +2.07384317483e-008
  +1.65590754868e-008
  +2.20127632142e-008
  +1.78849780152e-008
  +2.33968876362e-008
  +1.93353424626e-008
  +2.49227720811e-008
  +2.09480335593e-008
  +2.66356347440e-008
  +2.27775450895e-008
  +2.86018166259e-008
  +2.49055687299e-008
  +3.09232174530e-008
  +2.74610984337e-008
  +3.37659197670e-008
  +3.06622349097e-008
  +3.74230788490e-008
  +3.49141706777e-008
  +4.24741662953e-008
  +4.10818113963e-008
  +5.02836207107e-008
  +5.14857601161e-008
  +6.52566533006e-008
  +9.28040121029e-008
  +2.73054478363e-004
  +9.87910245408e-002
  +3.18849005906e-001
  +5.54269731681e-001
  +7.93904354173e-001
  +1.03502269019e+000
  +1.27647135100e+000
  +1.51760586260e+000
  +1.75799583122e+000
  +1.99731681350e+000
  +2.23530305604e+000
  +2.47172419729e+000
  +2.70637272508e+000
  +2.93905675927e+000
  +3.16959567612e+000
  +3.39781734581e+000
  +3.62355633034e+000
  +3.84665267898e+000
  +4.06695110726e+000
  +4.28430043097e+000
  +4.49855317265e+000
  +4.70956528902e+000
  +4.91719598300e+000
  +5.12130757779e+000
  +5.32176543524e+000
  +5.51843790788e+000
  +5.71119631530e+000
  +5.89991493946e+000
  +6.08447103380e+000
  +6.26474484321e+000
  +6.44061963174e+000
  +6.61198171671e+000
  +6.77872050687e+000
  +6.94072854426e+000
  +7.09790154790e+000
  +7.25013845943e+000
  +7.39734148921e+000
  +7.53941616319e+000
  +7.67627136933e+000
  +7.80781940402e+000
  +7.93397601744e+000
  +8.05466045829e+000
  +8.16979551714e+000
  +8.27930756868e+000
  +8.38312661228e+000
  +8.48118631118e+000
  +8.57342402975e+000
  +8.65978086916e+000
  +8.74020170092e+000
  +8.81463519870e+000
  +8.88303386791e+000
  +8.94535407334e+000
  +9.00155606449e+000
  +9.05160399898e+000
  +9.09546596340e+000
  +9.13311399221e+000
  +9.16452408412e+000
  +9.18967621638e+000
  +9.20855435647e+000
  +9.22114647173e+000
  +9.22744453638e+000
  +9.22744453639e+000
  +9.22114647172e+000
  +9.20855435647e+000
  +9.18967621637e+000
  +9.16452408413e+000
  +9.13311399220e+000
  +9.09546596340e+000
  +9.05160399897e+000
  +9.00155606450e+000
  +8.94535407333e+000
  +8.88303386792e+000
  +8.81463519870e+000
  +8.74020170092e+000
  +8.65978086915e+000
  +8.57342402976e+000
  +8.48118631117e+000
  +8.38312661228e+000
  +8.27930756867e+000
  +8.16979551715e+000
  +8.05466045828e+000
  +7.93397601745e+000
  +7.80781940401e+000
  +7.67627136934e+000
  +7.53941616318e+000
  +7.39734148922e+000
  +7.25013845941e+000
  +7.09790154791e+000
  +6.94072854424e+000
  +6.77872050688e+000
  +6.61198171670e+000
  +6.44061963175e+000
  +6.26474484320e+000
  +6.08447103381e+000
  +5.89991493945e+000
  +5.71119631530e+000
  +5.51843790787e+000
  +5.32176543525e+000
  +5.12130757777e+000
  +4.91719598301e+000
  +4.70956528899e+000
  +4.49855317266e+000
  +4.28430043094e+000
  +4.06695110727e+000
  +3.84665267895e+000
  +3.62355633035e+000
  +3.39781734578e+000
  +3.16959567612e+000
  +2.93905675923e+000
  +2.70637272508e+000
  +2.47172419723e+000
  +2.23530305603e+000
  +1.99731681342e+000
  +1.75799583120e+000
  +1.51760586248e+000
  +1.27647135095e+000
  +1.03502268997e+000
  +7.93904353996e-001
  +5.54269731033e-001
  +3.18849004633e-001
  +9.87910131295e-002
  +2.72842386928e-004
  -6.08664245594e-008
  -6.19063118389e-008
  -5.47460300786e-008
  -4.69878984689e-008
  -4.43610674919e-008
  -3.91868606805e-008
  -3.81977987046e-008
  -3.41382052193e-008
  -3.39473941897e-008
  -3.04819919434e-008
  -3.07469405533e-008
  -2.76397275644e-008
  -2.81917681694e-008
  -2.53185530265e-008
  -2.60639544818e-008
  -2.33524964624e-008
  -2.42345778339e-008
  -2.16397059996e-008
  -2.26219798290e-008
  -2.01138636773e-008
  -2.11716835375e-008
  -1.87297633474e-008
  -1.98458334309e-008
  -1.74554446658e-008
  -1.86172457132e-008
  -1.62676305759e-008
  -1.74658657639e-008
  -1.51489454558e-008
  -1.63765609917e-008
  -1.40861473176e-008
  -1.53376925397e-008
  -1.30689644998e-008
  -1.43401607061e-008
  -1.20893069119e-008
  -1.33767489682e-008
  -1.11407171676e-008
  -1.24416621098e-008
  -1.02179798280e-008
  -1.15301939473e-008
  -9.31683749494e-009
  -1.06384836342e-008
  -8.43378071576e-009
  -9.76333377138e-009
  -7.56588987475e-009
  -8.90207243032e-009
  -6.71071432544e-009
  -8.05244687684e-009
  -5.86617860090e-009
  -7.21254049771e-009
  -5.03050856376e-009
  -6.38070690817e-009
  -4.20217239423e-009
  -5.55551689924e-009
  -3.37983270674e-009
  -4.73571504196e-009
  -2.56230705195e-009
  -3.92018357338e-009
  -1.74853473789e-009
  -3.10791175800e-009
  -9.37548382691e-010
  -2.29796932042e-009
  -1.28448948611e-010
  -1.48948282856e-009
  +6.79616755600e-010
  -6.81614102876e-010
  +1.48747695611e-009
  +1.26460142571e-010
  +2.29595492888e-009
  +9.35568144409e-010
  +3.10588884391e-009
  +1.74656310492e-009
  +3.91815212411e-009
  +2.56034407363e-009
  +4.73367503603e-009
  +3.37787844512e-009
  +5.55346830674e-009
  +4.20022692515e-009
  +6.37864969114e-009
  +5.02857197836e-009
  +7.21047461071e-009
  +5.86425100741e-009
  +8.05037226771e-009
  +6.70879585154e-009
  +8.89998904125e-009
  +7.56398067062e-009
  +9.76124154042e-009
  +8.43188095812e-009
  +1.06363824976e-008
  +9.31494739241e-009
  +1.15280838431e-008
  +1.02160996284e-008
  +1.24395429829e-008
  +1.11388471681e-008
  +1.33746207781e-008
  +1.20874474734e-008
  +1.43380234397e-008
  +1.30671160677e-008
  +1.53355462302e-008
  +1.40843104526e-008
  +1.63744057494e-008
  +1.51471208815e-008
  +1.74637018261e-008
  +1.62658192536e-008
  +1.86150735282e-008
  +1.74536479172e-008
  +1.98436538022e-008
  +1.87279830638e-008
  +2.11694978826e-008
  +2.01121026940e-008
  +2.26197906626e-008
  +2.16379688001e-008
  +2.42323897233e-008
  +2.33507905948e-008
  +2.60617760585e-008
  +2.53168921706e-008
  +2.81896167287e-008
  +2.76381388382e-008
  +3.07448537117e-008
  +3.04805355221e-008
  +3.39454637273e-008
  +3.41370361479e-008
  +3.81962889352e-008
  +3.91864727186e-008
  +4.43609597513e-008
  +4.69904837864e-008
  +5.47529586206e-008
  +6.19319248141e-008
</dep>
<dep _net1.Vt time>
  +0.00000000000e+000
  +2.51300954433e-001
  +5.02443181798e-001
  +7.53268055279e-001
  +1.00361714851e+000
  +1.25333233564e+000
  +1.50225589121e+000
  +1.75023058975e+000
  +1.99709980514e+000
  +2.24270760949e+000
  +2.48689887165e+000
  +2.72951935517e+000
  +2.97041581577e+000
  +3.20943609807e+000
  +3.44642923175e+000
  +3.68124552685e+000
  +3.91373666837e+000
  +4.14375580993e+000
  +4.37115766651e+000
  +4.59579860621e+000
  +4.81753674102e+000
  +5.03623201636e+000
  +5.25174629961e+000
  +5.46394346734e+000
  +5.67268949127e+000
  +5.87785252292e+000
  +6.07930297695e+000
  +6.27691361291e+000
  +6.47055961569e+000
  +6.66011867434e+000
  +6.84547105929e+000
  +7.02649969799e+000
  +7.20309024888e+000
  +7.37513117358e+000
  +7.54251380736e+000
  +7.70513242776e+000
  +7.86288432137e+000
  +8.01566984871e+000
  +8.16339250717e+000
  +8.30595899196e+000
  +8.44327925502e+000
  +8.57526656194e+000
  +8.70183754670e+000
  +8.82291226435e+000
  +8.93841424151e+000
  +9.04827052466e+000
  +9.15241172621e+000
  +9.25077206834e+000
  +9.34328942457e+000
  +9.42990535893e+000
  +9.51056516295e+000
  +9.58521789017e+000
  +9.65381638833e+000
  +9.71631732915e+000
  +9.77268123568e+000
  +9.82287250729e+000
  +9.86685944208e+000
  +9.90461425697e+000
  +9.93611310520e+000
  +9.96133609143e+000
  +9.98026728428e+000
  +9.99289472641e+000
  +9.99921044204e+000
  +9.99921044204e+000
  +9.99289472641e+000
  +9.98026728428e+000
  +9.96133609143e+000
  +9.93611310520e+000
  +9.90461425697e+000
  +9.86685944208e+000
  +9.82287250729e+000
  +9.77268123568e+000
  +9.71631732915e+000
  +9.65381638833e+000
  +9.58521789017e+000
  +9.51056516295e+000
  +9.42990535893e+000
  +9.34328942457e+000
  +9.25077206834e+000
  +9.15241172621e+000
  +9.04827052466e+000
  +8.93841424151e+000
  +8.82291226435e+000
  +8.70183754670e+000
  +8.57526656194e+000
  +8.44327925502e+000
  +8.30595899196e+000
  +8.16339250717e+000
  +8.01566984871e+000
  +7.86288432137e+000
  +7.70513242776e+000
  +7.54251380736e+000
  +7.37513117358e+000
  +7.20309024888e+000
  +7.02649969799e+000
  +6.84547105929e+000
  +6.66011867434e+000
  +6.47055961569e+000
  +6.27691361291e+000
  +6.07930297695e+000
  +5.87785252292e+000
  +5.67268949127e+000
  +5.46394346734e+000
  +5.25174629961e+000
  +5.03623201636e+000
  +4.81753674102e+000
  +4.59579860621e+000
  +4.37115766651e+000
  +4.14375580993e+000
  +3.91373666837e+000
  +3.68124552685e+000
  +3.44642923175e+000
  +3.20943609807e+000
  +2.97041581577e+000
  +2.72951935517e+000
  +2.48689887165e+000
  +2.24270760949e+000
  +1.99709980514e+000
  +1.75023058975e+000
  +1.50225589121e+000
  +1.25333233564e+000
  +1.00361714851e+000
  +7.53268055279e-001
  +5.02443181798e-001
  +2.51300954433e-001
  +1.22460635382e-015
  -2.51300954433e-001
  -5.02443181798e-001
  -7.53268055279e-001
  -1.00361714851e+000
  -1.25333233564e+000
  -1.50225589121e+000
  -1.75023058975e+000
  -1.99709980514e+000
  -2.24270760949e+000
  -2.48689887165e+000
  -2.72951935517e+000
  -2.97041581577e+000
  -3.20943609807e+000
  -3.44642923175e+000
  -3.68124552685e+000
  -3.91373666837e+000
  -4.14375580993e+000
  -4.37115766651e+000
  -4.59579860621e+000
  -4.81753674102e+000
  -5.03623201636e+000
  -5.25174629961e+000
  -5.46394346734e+000
  -5.67268949127e+000
  -5.87785252292e+000
  -6.07930297695e+000
  -6.27691361291e+000
  -6.47055961569e+000
  -6.66011867434e+000
  -6.84547105929e+000
  -7.02649969799e+000
  -7.20309024888e+000
  -7.37513117358e+000
  -7.54251380736e+000
  -7.70513242776e+000
  -7.86288432137e+000
  -8.01566984871e+000
  -8.16339250717e+000
  -8.30595899196e+000
  -8.44327925502e+000
  -8.57526656194e+000
  -8.70183754670e+000
  -8.82291226435e+000
  -8.93841424151e+000
  -9.04827052466e+000
  -9.15241172621e+000
  -9.25077206834e+000
  -9.34328942457e+000
  -9.42990535893e+000
  -9.51056516295e+000
  -9.58521789017e+000
  -9.65381638833e+000
  -9.71631732915e+000
  -9.77268123568e+000
  -9.82287250729e+000
  -9.86685944208e+000
  -9.90461425697e+000
  -9.93611310520e+000
  -9.96133609143e+000
  -9.98026728428e+000
  -9.99289472641e+000
  -9.99921044204e+000
  -9.99921044204e+000
  -9.99289472641e+000
  -9.98026728428e+000
  -9.96133609143e+000
  -9.93611310520e+000
  -9.90461425697e+000
  -9.86685944208e+000
  -9.82287250729e+000
  -9.77268123568e+000
  -9.71631732915e+000
  -9.65381638833e+000
  -9.58521789017e+000
  -9.51056516295e+000
  -9.42990535893e+000
  -9.34328942457e+000
  -9.25077206834e+000
  -9.15241172621e+000
  -9.04827052466e+000
  -8.93841424151e+000
  -8.82291226435e+000
  -8.70183754670e+000
  -8.57526656194e+000
  -8.44327925502e+000
  -8.30595899196e+000
  -8.16339250717e+000
  -8.01566984871e+000
  -7.86288432137e+000
  -7.70513242776e+000
  -7.54251380736e+000
  -7.37513117358e+000
  -7.20309024888e+000
  -7.02649969799e+000
  -6.84547105929e+000
  -6.66011867434e+000
  -6.47055961569e+000
  -6.27691361291e+000
  -6.07930297695e+000
  -5.87785252292e+000
  -5.67268949127e+000
  -5.46394346734e+000
  -5.25174629961e+000
  -5.03623201636e+000
  -4.81753674102e+000
  -4.59579860621e+000
  -4.37115766651e+000
  -4.14375580993e+000
  -3.91373666837e+000
  -3.68124552685e+000
  -3.44642923175e+000
  -3.20943609807e+000
  -2.97041581577e+000
  -2.72951935517e+000
  -2.48689887165e+000
  -2.24270760949e+000
  -1.99709980514e+000
  -1.75023058975e+000
  -1.50225589121e+000
  -1.25333233564e+000
  -1.00361714851e+000
  -7.53268055279e-001
  -5.02443181798e-001
  -2.51300954433e-001
  -2.44921270764e-015
  +2.51300954433e-001
  +5.02443181798e-001
  +7.53268055279e-001
  +1.00361714851e+000
  +1.25333233564e+000
  +1.50225589121e+000
  +1.75023058975e+000
  +1.99709980514e+000
  +2.24270760949e+000
  +2.48689887165e+000
  +2.72951935517e+000
  +2.97041581577e+000
  +3.20943609807e+000
  +3.44642923175e+000
  +3.68124552685e+000
  +3.91373666837e+000
  +4.14375580993e+000
  +4.37115766651e+000
  +4.59579860621e+000
  +4.81753674102e+000
  +5.03623201636e+000
  +5.25174629961e+000
  +5.46394346734e+000
  +5.67268949127e+000
  +5.87785252292e+000
  +6.07930297695e+000
  +6.27691361291e+000
  +6.47055961569e+000
  +6.66011867434e+000
  +6.84547105929e+000
  +7.02649969799e+000
  +7.20309024888e+000
  +7.37513117358e+000
  +7.54251380736e+000
  +7.70513242776e+000
  +7.86288432137e+000
  +8.01566984871e+000
  +8.16339250717e+000
  +8.30595899196e+000
  +8.44327925502e+000
  +8.57526656194e+000
  +8.70183754670e+000
  +8.82291226435e+000
  +8.93841424151e+000
  +9.04827052466e+000
  +9.15241172621e+000
  +9.25077206834e+000
  +9.34328942457e+000
  +9.42990535893e+000
  +9.51056516295e+000
  +9.58521789017e+000
  +9.65381638833e+000
  +9.71631732915e+000
  +9.77268123568e+000
  +9.82287250729e+000
  +9.86685944208e+000
  +9.90461425697e+000
  +9.93611310520e+000
  +9.96133609143e+000
  +9.98026728428e+000
  +9.99289472641e+000
  +9.99921044204e+000
  +9.99921044204e+000
  +9.99289472641e+000
  +9.98026728428e+000
  +9.96133609143e+000
  +9.93611310520e+000
  +9.90461425697e+000
  +9.86685944208e+000
  +9.82287250729e+000
  +9.77268123568e+000
  +9.71631732915e+000
  +9.65381638833e+000
  +9.58521789017e+000
  +9.51056516295e+000
  +9.42990535893e+000
  +9.34328942457e+000
  +9.25077206834e+000
  +9.15241172621e+000
  +9.04827052466e+000
  +8.93841424151e+000
  +8.82291226435e+000
  +8.70183754670e+000
  +8.57526656194e+000
  +8.44327925502e+000
  +8.30595899196e+000
  +8.16339250717e+000
  +8.01566984871e+000
  +7.86288432137e+000
  +7.70513242776e+000
  +7.54251380736e+000
  +7.37513117358e+000
  +7.20309024888e+000
  +7.02649969799e+000
  +6.84547105929e+000
  +6.66011867434e+000
  +6.47055961569e+000
  +6.27691361291e+000
  +6.07930297695e+000
  +5.87785252292e+000
  +5.67268949127e+000
  +5.46394346734e+000
  +5.25174629961e+000
  +5.03623201636e+000
  +4.81753674102e+000
  +4.59579860621e+000
  +4.37115766651e+000
  +4.14375580993e+000
  +3.91373666837e+000
  +3.68124552685e+000
  +3.44642923175e+000
  +3.20943609807e+000
  +2.97041581577e+000
  +2.72951935517e+000
  +2.48689887165e+000
  +2.24270760949e+000
  +1.99709980514e+000
  +1.75023058975e+000
  +1.50225589121e+000
  +1.25333233564e+000
  +1.00361714851e+000
  +7.53268055279e-001
  +5.02443181798e-001
  +2.51300954433e-001
  +3.67381906147e-015
  -2.51300954433e-001
  -5.02443181798e-001
  -7.53268055279e-001
  -1.00361714851e+000
  -1.25333233564e+000
  -1.50225589121e+000
  -1.75023058975e+000
  -1.99709980514e+000
  -2.24270760949e+000
  -2.48689887165e+000
  -2.72951935517e+000
  -2.97041581577e+000
  -3.20943609807e+000
  -3.44642923175e+000
  -3.68124552685e+000
  -3.91373666837e+000
  -4.14375580993e+000
  -4.37115766651e+000
  -4.59579860621e+000
  -4.81753674102e+000
  -5.03623201636e+000
  -5.25174629961e+000
  -5.46394346734e+000
  -5.67268949127e+000
  -5.87785252292e+000
  -6.07930297695e+000
  -6.27691361291e+000
  -6.47055961569e+000
  -6.66011867434e+000
  -6.84547105929e+000
  -7.02649969799e+000
  -7.20309024888e+000
  -7.37513117358e+000
  -7.54251380736e+000
  -7.70513242776e+000
  -7.86288432137e+000
  -8.01566984871e+000
  -8.16339250717e+000
  -8.30595899196e+000
  -8.44327925502e+000
  -8.57526656194e+000
  -8.70183754670e+000
  -8.82291226435e+000
  -8.93841424151e+000
  -9.04827052466e+000
  -9.15241172621e+000
  -9.25077206834e+000
  -9.34328942457e+000
  -9.42990535893e+000
  -9.51056516295e+000
  -9.58521789017e+000
  -9.65381638833e+000
  -9.71631732915e+000
  -9.77268123568e+000
  -9.82287250729e+000
  -9.86685944208e+000
  -9.90461425697e+000
  -9.93611310520e+000
  -9.96133609143e+000
  -9.98026728428e+000
  -9.99289472641e+000
  -9.99921044204e+000
  -9.99921044204e+000
  -9.99289472641e+000
  -9.98026728428e+000
  -9.96133609143e+000
  -9.93611310520e+000
  -9.90461425697e+000
  -9.86685944208e+000
  -9.82287250729e+000
  -9.77268123568e+000
  -9.71631732915e+000
  -9.65381638833e+000
  -9.58521789017e+000
  -9.51056516295e+000
  -9.42990535893e+000
  -9.34328942457e+000
  -9.25077206834e+000
  -9.15241172621e+000
  -9.04827052466e+000
  -8.93841424151e+000
  -8.82291226435e+000
  -8.70183754670e+000
  -8.57526656194e+000
  -8.44327925502e+000
  -8.30595899196e+000
  -8.16339250717e+000
  -8.01566984871e+000
  -7.86288432137e+000
  -7.70513242776e+000
  -7.54251380736e+000
  -7.37513117358e+000
  -7.20309024888e+000
  -7.02649969799e+000
  -6.84547105929e+000
  -6.66011867434e+000
  -6.47055961569e+000
  -6.27691361291e+000
  -6.07930297695e+000
  -5.87785252292e+000
  -5.67268949127e+000
  -5.46394346734e+000
  -5.25174629961e+000
  -5.03623201636e+000
  -4.81753674102e+000
  -4.59579860621e+000
  -4.37115766651e+000
  -4.14375580993e+000
  -3.91373666837e+000
  -3.68124552685e+000
  -3.44642923175e+000
  -3.20943609807e+000
  -2.97041581577e+000
  -2.72951935517e+000
  -2.48689887165e+000
  -2.24270760949e+000
  -1.99709980514e+000
  -1.75023058975e+000
  -1.50225589121e+000
  -1.25333233564e+000
  -1.00361714851e+000
  -7.53268055279e-001
  -5.02443181798e-001
  -2.51300954433e-001
  -4.89842541529e-015
</dep>
