<Qucs Dataset 0.0.18>
<indep time 501>
  +0.00000000000e+000
  +8.00000000000e-005
  +1.60000000000e-004
  +2.40000000000e-004
  +3.20000000000e-004
  +4.00000000000e-004
  +4.80000000000e-004
  +5.60000000000e-004
  +6.40000000000e-004
  +7.20000000000e-004
  +8.00000000000e-004
  +8.80000000000e-004
  +9.60000000000e-004
  +1.04000000000e-003
  +1.12000000000e-003
  +1.20000000000e-003
  +1.28000000000e-003
  +1.36000000000e-003
  +1.44000000000e-003
  +1.52000000000e-003
  +1.60000000000e-003
  +1.68000000000e-003
  +1.76000000000e-003
  +1.84000000000e-003
  +1.92000000000e-003
  +2.00000000000e-003
  +2.08000000000e-003
  +2.16000000000e-003
  +2.24000000000e-003
  +2.32000000000e-003
  +2.40000000000e-003
  +2.48000000000e-003
  +2.56000000000e-003
  +2.64000000000e-003
  +2.72000000000e-003
  +2.80000000000e-003
  +2.88000000000e-003
  +2.96000000000e-003
  +3.04000000000e-003
  +3.12000000000e-003
  +3.20000000000e-003
  +3.28000000000e-003
  +3.36000000000e-003
  +3.44000000000e-003
  +3.52000000000e-003
  +3.60000000000e-003
  +3.68000000000e-003
  +3.76000000000e-003
  +3.84000000000e-003
  +3.92000000000e-003
  +4.00000000000e-003
  +4.08000000000e-003
  +4.16000000000e-003
  +4.24000000000e-003
  +4.32000000000e-003
  +4.40000000000e-003
  +4.48000000000e-003
  +4.56000000000e-003
  +4.64000000000e-003
  +4.72000000000e-003
  +4.80000000000e-003
  +4.88000000000e-003
  +4.96000000000e-003
  +5.04000000000e-003
  +5.12000000000e-003
  +5.20000000000e-003
  +5.28000000000e-003
  +5.36000000000e-003
  +5.44000000000e-003
  +5.52000000000e-003
  +5.60000000000e-003
  +5.68000000000e-003
  +5.76000000000e-003
  +5.84000000000e-003
  +5.92000000000e-003
  +6.00000000000e-003
  +6.08000000000e-003
  +6.16000000000e-003
  +6.24000000000e-003
  +6.32000000000e-003
  +6.40000000000e-003
  +6.48000000000e-003
  +6.56000000000e-003
  +6.64000000000e-003
  +6.72000000000e-003
  +6.80000000000e-003
  +6.88000000000e-003
  +6.96000000000e-003
  +7.04000000000e-003
  +7.12000000000e-003
  +7.20000000000e-003
  +7.28000000000e-003
  +7.36000000000e-003
  +7.44000000000e-003
  +7.52000000000e-003
  +7.60000000000e-003
  +7.68000000000e-003
  +7.76000000000e-003
  +7.84000000000e-003
  +7.92000000000e-003
  +8.00000000000e-003
  +8.08000000000e-003
  +8.16000000000e-003
  +8.24000000000e-003
  +8.32000000000e-003
  +8.40000000000e-003
  +8.48000000000e-003
  +8.56000000000e-003
  +8.64000000000e-003
  +8.72000000000e-003
  +8.80000000000e-003
  +8.88000000000e-003
  +8.96000000000e-003
  +9.04000000000e-003
  +9.12000000000e-003
  +9.20000000000e-003
  +9.28000000000e-003
  +9.36000000000e-003
  +9.44000000000e-003
  +9.52000000000e-003
  +9.60000000000e-003
  +9.68000000000e-003
  +9.76000000000e-003
  +9.84000000000e-003
  +9.92000000000e-003
  +1.00000000000e-002
  +1.00800000000e-002
  +1.01600000000e-002
  +1.02400000000e-002
  +1.03200000000e-002
  +1.04000000000e-002
  +1.04800000000e-002
  +1.05600000000e-002
  +1.06400000000e-002
  +1.07200000000e-002
  +1.08000000000e-002
  +1.08800000000e-002
  +1.09600000000e-002
  +1.10400000000e-002
  +1.11200000000e-002
  +1.12000000000e-002
  +1.12800000000e-002
  +1.13600000000e-002
  +1.14400000000e-002
  +1.15200000000e-002
  +1.16000000000e-002
  +1.16800000000e-002
  +1.17600000000e-002
  +1.18400000000e-002
  +1.19200000000e-002
  +1.20000000000e-002
  +1.20800000000e-002
  +1.21600000000e-002
  +1.22400000000e-002
  +1.23200000000e-002
  +1.24000000000e-002
  +1.24800000000e-002
  +1.25600000000e-002
  +1.26400000000e-002
  +1.27200000000e-002
  +1.28000000000e-002
  +1.28800000000e-002
  +1.29600000000e-002
  +1.30400000000e-002
  +1.31200000000e-002
  +1.32000000000e-002
  +1.32800000000e-002
  +1.33600000000e-002
  +1.34400000000e-002
  +1.35200000000e-002
  +1.36000000000e-002
  +1.36800000000e-002
  +1.37600000000e-002
  +1.38400000000e-002
  +1.39200000000e-002
  +1.40000000000e-002
  +1.40800000000e-002
  +1.41600000000e-002
  +1.42400000000e-002
  +1.43200000000e-002
  +1.44000000000e-002
  +1.44800000000e-002
  +1.45600000000e-002
  +1.46400000000e-002
  +1.47200000000e-002
  +1.48000000000e-002
  +1.48800000000e-002
  +1.49600000000e-002
  +1.50400000000e-002
  +1.51200000000e-002
  +1.52000000000e-002
  +1.52800000000e-002
  +1.53600000000e-002
  +1.54400000000e-002
  +1.55200000000e-002
  +1.56000000000e-002
  +1.56800000000e-002
  +1.57600000000e-002
  +1.58400000000e-002
  +1.59200000000e-002
  +1.60000000000e-002
  +1.60800000000e-002
  +1.61600000000e-002
  +1.62400000000e-002
  +1.63200000000e-002
  +1.64000000000e-002
  +1.64800000000e-002
  +1.65600000000e-002
  +1.66400000000e-002
  +1.67200000000e-002
  +1.68000000000e-002
  +1.68800000000e-002
  +1.69600000000e-002
  +1.70400000000e-002
  +1.71200000000e-002
  +1.72000000000e-002
  +1.72800000000e-002
  +1.73600000000e-002
  +1.74400000000e-002
  +1.75200000000e-002
  +1.76000000000e-002
  +1.76800000000e-002
  +1.77600000000e-002
  +1.78400000000e-002
  +1.79200000000e-002
  +1.80000000000e-002
  +1.80800000000e-002
  +1.81600000000e-002
  +1.82400000000e-002
  +1.83200000000e-002
  +1.84000000000e-002
  +1.84800000000e-002
  +1.85600000000e-002
  +1.86400000000e-002
  +1.87200000000e-002
  +1.88000000000e-002
  +1.88800000000e-002
  +1.89600000000e-002
  +1.90400000000e-002
  +1.91200000000e-002
  +1.92000000000e-002
  +1.92800000000e-002
  +1.93600000000e-002
  +1.94400000000e-002
  +1.95200000000e-002
  +1.96000000000e-002
  +1.96800000000e-002
  +1.97600000000e-002
  +1.98400000000e-002
  +1.99200000000e-002
  +2.00000000000e-002
  +2.00800000000e-002
  +2.01600000000e-002
  +2.02400000000e-002
  +2.03200000000e-002
  +2.04000000000e-002
  +2.04800000000e-002
  +2.05600000000e-002
  +2.06400000000e-002
  +2.07200000000e-002
  +2.08000000000e-002
  +2.08800000000e-002
  +2.09600000000e-002
  +2.10400000000e-002
  +2.11200000000e-002
  +2.12000000000e-002
  +2.12800000000e-002
  +2.13600000000e-002
  +2.14400000000e-002
  +2.15200000000e-002
  +2.16000000000e-002
  +2.16800000000e-002
  +2.17600000000e-002
  +2.18400000000e-002
  +2.19200000000e-002
  +2.20000000000e-002
  +2.20800000000e-002
  +2.21600000000e-002
  +2.22400000000e-002
  +2.23200000000e-002
  +2.24000000000e-002
  +2.24800000000e-002
  +2.25600000000e-002
  +2.26400000000e-002
  +2.27200000000e-002
  +2.28000000000e-002
  +2.28800000000e-002
  +2.29600000000e-002
  +2.30400000000e-002
  +2.31200000000e-002
  +2.32000000000e-002
  +2.32800000000e-002
  +2.33600000000e-002
  +2.34400000000e-002
  +2.35200000000e-002
  +2.36000000000e-002
  +2.36800000000e-002
  +2.37600000000e-002
  +2.38400000000e-002
  +2.39200000000e-002
  +2.40000000000e-002
  +2.40800000000e-002
  +2.41600000000e-002
  +2.42400000000e-002
  +2.43200000000e-002
  +2.44000000000e-002
  +2.44800000000e-002
  +2.45600000000e-002
  +2.46400000000e-002
  +2.47200000000e-002
  +2.48000000000e-002
  +2.48800000000e-002
  +2.49600000000e-002
  +2.50400000000e-002
  +2.51200000000e-002
  +2.52000000000e-002
  +2.52800000000e-002
  +2.53600000000e-002
  +2.54400000000e-002
  +2.55200000000e-002
  +2.56000000000e-002
  +2.56800000000e-002
  +2.57600000000e-002
  +2.58400000000e-002
  +2.59200000000e-002
  +2.60000000000e-002
  +2.60800000000e-002
  +2.61600000000e-002
  +2.62400000000e-002
  +2.63200000000e-002
  +2.64000000000e-002
  +2.64800000000e-002
  +2.65600000000e-002
  +2.66400000000e-002
  +2.67200000000e-002
  +2.68000000000e-002
  +2.68800000000e-002
  +2.69600000000e-002
  +2.70400000000e-002
  +2.71200000000e-002
  +2.72000000000e-002
  +2.72800000000e-002
  +2.73600000000e-002
  +2.74400000000e-002
  +2.75200000000e-002
  +2.76000000000e-002
  +2.76800000000e-002
  +2.77600000000e-002
  +2.78400000000e-002
  +2.79200000000e-002
  +2.80000000000e-002
  +2.80800000000e-002
  +2.81600000000e-002
  +2.82400000000e-002
  +2.83200000000e-002
  +2.84000000000e-002
  +2.84800000000e-002
  +2.85600000000e-002
  +2.86400000000e-002
  +2.87200000000e-002
  +2.88000000000e-002
  +2.88800000000e-002
  +2.89600000000e-002
  +2.90400000000e-002
  +2.91200000000e-002
  +2.92000000000e-002
  +2.92800000000e-002
  +2.93600000000e-002
  +2.94400000000e-002
  +2.95200000000e-002
  +2.96000000000e-002
  +2.96800000000e-002
  +2.97600000000e-002
  +2.98400000000e-002
  +2.99200000000e-002
  +3.00000000000e-002
  +3.00800000000e-002
  +3.01600000000e-002
  +3.02400000000e-002
  +3.03200000000e-002
  +3.04000000000e-002
  +3.04800000000e-002
  +3.05600000000e-002
  +3.06400000000e-002
  +3.07200000000e-002
  +3.08000000000e-002
  +3.08800000000e-002
  +3.09600000000e-002
  +3.10400000000e-002
  +3.11200000000e-002
  +3.12000000000e-002
  +3.12800000000e-002
  +3.13600000000e-002
  +3.14400000000e-002
  +3.15200000000e-002
  +3.16000000000e-002
  +3.16800000000e-002
  +3.17600000000e-002
  +3.18400000000e-002
  +3.19200000000e-002
  +3.20000000000e-002
  +3.20800000000e-002
  +3.21600000000e-002
  +3.22400000000e-002
  +3.23200000000e-002
  +3.24000000000e-002
  +3.24800000000e-002
  +3.25600000000e-002
  +3.26400000000e-002
  +3.27200000000e-002
  +3.28000000000e-002
  +3.28800000000e-002
  +3.29600000000e-002
  +3.30400000000e-002
  +3.31200000000e-002
  +3.32000000000e-002
  +3.32800000000e-002
  +3.33600000000e-002
  +3.34400000000e-002
  +3.35200000000e-002
  +3.36000000000e-002
  +3.36800000000e-002
  +3.37600000000e-002
  +3.38400000000e-002
  +3.39200000000e-002
  +3.40000000000e-002
  +3.40800000000e-002
  +3.41600000000e-002
  +3.42400000000e-002
  +3.43200000000e-002
  +3.44000000000e-002
  +3.44800000000e-002
  +3.45600000000e-002
  +3.46400000000e-002
  +3.47200000000e-002
  +3.48000000000e-002
  +3.48800000000e-002
  +3.49600000000e-002
  +3.50400000000e-002
  +3.51200000000e-002
  +3.52000000000e-002
  +3.52800000000e-002
  +3.53600000000e-002
  +3.54400000000e-002
  +3.55200000000e-002
  +3.56000000000e-002
  +3.56800000000e-002
  +3.57600000000e-002
  +3.58400000000e-002
  +3.59200000000e-002
  +3.60000000000e-002
  +3.60800000000e-002
  +3.61600000000e-002
  +3.62400000000e-002
  +3.63200000000e-002
  +3.64000000000e-002
  +3.64800000000e-002
  +3.65600000000e-002
  +3.66400000000e-002
  +3.67200000000e-002
  +3.68000000000e-002
  +3.68800000000e-002
  +3.69600000000e-002
  +3.70400000000e-002
  +3.71200000000e-002
  +3.72000000000e-002
  +3.72800000000e-002
  +3.73600000000e-002
  +3.74400000000e-002
  +3.75200000000e-002
  +3.76000000000e-002
  +3.76800000000e-002
  +3.77600000000e-002
  +3.78400000000e-002
  +3.79200000000e-002
  +3.80000000000e-002
  +3.80800000000e-002
  +3.81600000000e-002
  +3.82400000000e-002
  +3.83200000000e-002
  +3.84000000000e-002
  +3.84800000000e-002
  +3.85600000000e-002
  +3.86400000000e-002
  +3.87200000000e-002
  +3.88000000000e-002
  +3.88800000000e-002
  +3.89600000000e-002
  +3.90400000000e-002
  +3.91200000000e-002
  +3.92000000000e-002
  +3.92800000000e-002
  +3.93600000000e-002
  +3.94400000000e-002
  +3.95200000000e-002
  +3.96000000000e-002
  +3.96800000000e-002
  +3.97600000000e-002
  +3.98400000000e-002
  +3.99200000000e-002
  +4.00000000000e-002
</indep>
<dep Ve1.Vt time>
  +0.00000000000e+000
  +5.02443181798e-001
  +1.00361714851e+000
  +1.50225589121e+000
  +1.99709980514e+000
  +2.48689887165e+000
  +2.97041581577e+000
  +3.44642923175e+000
  +3.91373666837e+000
  +4.37115766651e+000
  +4.81753674102e+000
  +5.25174629961e+000
  +5.67268949127e+000
  +6.07930297695e+000
  +6.47055961569e+000
  +6.84547105929e+000
  +7.20309024888e+000
  +7.54251380736e+000
  +7.86288432137e+000
  +8.16339250717e+000
  +8.44327925502e+000
  +8.70183754670e+000
  +8.93841424151e+000
  +9.15241172621e+000
  +9.34328942457e+000
  +9.51056516295e+000
  +9.65381638833e+000
  +9.77268123568e+000
  +9.86685944208e+000
  +9.93611310520e+000
  +9.98026728428e+000
  +9.99921044204e+000
  +9.99289472641e+000
  +9.96133609143e+000
  +9.90461425697e+000
  +9.82287250729e+000
  +9.71631732915e+000
  +9.58521789017e+000
  +9.42990535893e+000
  +9.25077206834e+000
  +9.04827052466e+000
  +8.82291226435e+000
  +8.57526656194e+000
  +8.30595899196e+000
  +8.01566984871e+000
  +7.70513242776e+000
  +7.37513117358e+000
  +7.02649969799e+000
  +6.66011867434e+000
  +6.27691361291e+000
  +5.87785252292e+000
  +5.46394346734e+000
  +5.03623201636e+000
  +4.59579860621e+000
  +4.14375580993e+000
  +3.68124552685e+000
  +3.20943609807e+000
  +2.72951935517e+000
  +2.24270760949e+000
  +1.75023058975e+000
  +1.25333233564e+000
  +7.53268055279e-001
  +2.51300954433e-001
  -2.51300954433e-001
  -7.53268055279e-001
  -1.25333233564e+000
  -1.75023058975e+000
  -2.24270760949e+000
  -2.72951935517e+000
  -3.20943609807e+000
  -3.68124552685e+000
  -4.14375580993e+000
  -4.59579860621e+000
  -5.03623201636e+000
  -5.46394346734e+000
  -5.87785252292e+000
  -6.27691361291e+000
  -6.66011867434e+000
  -7.02649969799e+000
  -7.37513117358e+000
  -7.70513242776e+000
  -8.01566984871e+000
  -8.30595899196e+000
  -8.57526656194e+000
  -8.82291226435e+000
  -9.04827052466e+000
  -9.25077206834e+000
  -9.42990535893e+000
  -9.58521789017e+000
  -9.71631732915e+000
  -9.82287250729e+000
  -9.90461425697e+000
  -9.96133609143e+000
  -9.99289472641e+000
  -9.99921044204e+000
  -9.98026728428e+000
  -9.93611310520e+000
  -9.86685944208e+000
  -9.77268123568e+000
  -9.65381638833e+000
  -9.51056516295e+000
  -9.34328942457e+000
  -9.15241172621e+000
  -8.93841424151e+000
  -8.70183754670e+000
  -8.44327925502e+000
  -8.16339250717e+000
  -7.86288432137e+000
  -7.54251380736e+000
  -7.20309024888e+000
  -6.84547105929e+000
  -6.47055961569e+000
  -6.07930297695e+000
  -5.67268949127e+000
  -5.25174629961e+000
  -4.81753674102e+000
  -4.37115766651e+000
  -3.91373666837e+000
  -3.44642923175e+000
  -2.97041581577e+000
  -2.48689887165e+000
  -1.99709980514e+000
  -1.50225589121e+000
  -1.00361714851e+000
  -5.02443181798e-001
  -2.44921270764e-015
  +5.02443181798e-001
  +1.00361714851e+000
  +1.50225589121e+000
  +1.99709980514e+000
  +2.48689887165e+000
  +2.97041581577e+000
  +3.44642923175e+000
  +3.91373666837e+000
  +4.37115766651e+000
  +4.81753674102e+000
  +5.25174629961e+000
  +5.67268949127e+000
  +6.07930297695e+000
  +6.47055961569e+000
  +6.84547105929e+000
  +7.20309024888e+000
  +7.54251380736e+000
  +7.86288432137e+000
  +8.16339250717e+000
  +8.44327925502e+000
  +8.70183754670e+000
  +8.93841424151e+000
  +9.15241172621e+000
  +9.34328942457e+000
  +9.51056516295e+000
  +9.65381638833e+000
  +9.77268123568e+000
  +9.86685944208e+000
  +9.93611310520e+000
  +9.98026728428e+000
  +9.99921044204e+000
  +9.99289472641e+000
  +9.96133609143e+000
  +9.90461425697e+000
  +9.82287250729e+000
  +9.71631732915e+000
  +9.58521789017e+000
  +9.42990535893e+000
  +9.25077206834e+000
  +9.04827052466e+000
  +8.82291226435e+000
  +8.57526656194e+000
  +8.30595899196e+000
  +8.01566984871e+000
  +7.70513242776e+000
  +7.37513117358e+000
  +7.02649969799e+000
  +6.66011867434e+000
  +6.27691361291e+000
  +5.87785252292e+000
  +5.46394346734e+000
  +5.03623201636e+000
  +4.59579860621e+000
  +4.14375580993e+000
  +3.68124552685e+000
  +3.20943609807e+000
  +2.72951935517e+000
  +2.24270760949e+000
  +1.75023058975e+000
  +1.25333233564e+000
  +7.53268055279e-001
  +2.51300954433e-001
  -2.51300954433e-001
  -7.53268055279e-001
  -1.25333233564e+000
  -1.75023058975e+000
  -2.24270760949e+000
  -2.72951935517e+000
  -3.20943609807e+000
  -3.68124552685e+000
  -4.14375580993e+000
  -4.59579860621e+000
  -5.03623201636e+000
  -5.46394346734e+000
  -5.87785252292e+000
  -6.27691361291e+000
  -6.66011867434e+000
  -7.02649969799e+000
  -7.37513117358e+000
  -7.70513242776e+000
  -8.01566984871e+000
  -8.30595899196e+000
  -8.57526656194e+000
  -8.82291226435e+000
  -9.04827052466e+000
  -9.25077206834e+000
  -9.42990535893e+000
  -9.58521789017e+000
  -9.71631732915e+000
  -9.82287250729e+000
  -9.90461425697e+000
  -9.96133609143e+000
  -9.99289472641e+000
  -9.99921044204e+000
  -9.98026728428e+000
  -9.93611310520e+000
  -9.86685944208e+000
  -9.77268123568e+000
  -9.65381638833e+000
  -9.51056516295e+000
  -9.34328942457e+000
  -9.15241172621e+000
  -8.93841424151e+000
  -8.70183754670e+000
  -8.44327925502e+000
  -8.16339250717e+000
  -7.86288432137e+000
  -7.54251380736e+000
  -7.20309024888e+000
  -6.84547105929e+000
  -6.47055961569e+000
  -6.07930297695e+000
  -5.67268949127e+000
  -5.25174629961e+000
  -4.81753674102e+000
  -4.37115766651e+000
  -3.91373666837e+000
  -3.44642923175e+000
  -2.97041581577e+000
  -2.48689887165e+000
  -1.99709980514e+000
  -1.50225589121e+000
  -1.00361714851e+000
  -5.02443181798e-001
  -4.89842541529e-015
  +5.02443181798e-001
  +1.00361714851e+000
  +1.50225589121e+000
  +1.99709980514e+000
  +2.48689887165e+000
  +2.97041581577e+000
  +3.44642923175e+000
  +3.91373666837e+000
  +4.37115766651e+000
  +4.81753674102e+000
  +5.25174629961e+000
  +5.67268949127e+000
  +6.07930297695e+000
  +6.47055961569e+000
  +6.84547105929e+000
  +7.20309024888e+000
  +7.54251380736e+000
  +7.86288432137e+000
  +8.16339250717e+000
  +8.44327925502e+000
  +8.70183754670e+000
  +8.93841424151e+000
  +9.15241172621e+000
  +9.34328942457e+000
  +9.51056516295e+000
  +9.65381638833e+000
  +9.77268123568e+000
  +9.86685944208e+000
  +9.93611310520e+000
  +9.98026728428e+000
  +9.99921044204e+000
  +9.99289472641e+000
  +9.96133609143e+000
  +9.90461425697e+000
  +9.82287250729e+000
  +9.71631732915e+000
  +9.58521789017e+000
  +9.42990535893e+000
  +9.25077206834e+000
  +9.04827052466e+000
  +8.82291226435e+000
  +8.57526656194e+000
  +8.30595899196e+000
  +8.01566984871e+000
  +7.70513242776e+000
  +7.37513117358e+000
  +7.02649969799e+000
  +6.66011867434e+000
  +6.27691361291e+000
  +5.87785252292e+000
  +5.46394346734e+000
  +5.03623201636e+000
  +4.59579860621e+000
  +4.14375580993e+000
  +3.68124552685e+000
  +3.20943609807e+000
  +2.72951935517e+000
  +2.24270760949e+000
  +1.75023058975e+000
  +1.25333233564e+000
  +7.53268055279e-001
  +2.51300954433e-001
  -2.51300954433e-001
  -7.53268055279e-001
  -1.25333233564e+000
  -1.75023058975e+000
  -2.24270760949e+000
  -2.72951935517e+000
  -3.20943609807e+000
  -3.68124552685e+000
  -4.14375580993e+000
  -4.59579860621e+000
  -5.03623201636e+000
  -5.46394346734e+000
  -5.87785252292e+000
  -6.27691361291e+000
  -6.66011867434e+000
  -7.02649969799e+000
  -7.37513117358e+000
  -7.70513242776e+000
  -8.01566984871e+000
  -8.30595899196e+000
  -8.57526656194e+000
  -8.82291226435e+000
  -9.04827052466e+000
  -9.25077206834e+000
  -9.42990535893e+000
  -9.58521789017e+000
  -9.71631732915e+000
  -9.82287250729e+000
  -9.90461425697e+000
  -9.96133609143e+000
  -9.99289472641e+000
  -9.99921044204e+000
  -9.98026728428e+000
  -9.93611310520e+000
  -9.86685944208e+000
  -9.77268123568e+000
  -9.65381638833e+000
  -9.51056516295e+000
  -9.34328942457e+000
  -9.15241172621e+000
  -8.93841424151e+000
  -8.70183754670e+000
  -8.44327925502e+000
  -8.16339250717e+000
  -7.86288432137e+000
  -7.54251380736e+000
  -7.20309024888e+000
  -6.84547105929e+000
  -6.47055961569e+000
  -6.07930297695e+000
  -5.67268949127e+000
  -5.25174629961e+000
  -4.81753674102e+000
  -4.37115766651e+000
  -3.91373666837e+000
  -3.44642923175e+000
  -2.97041581577e+000
  -2.48689887165e+000
  -1.99709980514e+000
  -1.50225589121e+000
  -1.00361714851e+000
  -5.02443181798e-001
  -7.34763812293e-015
  +5.02443181798e-001
  +1.00361714851e+000
  +1.50225589121e+000
  +1.99709980514e+000
  +2.48689887165e+000
  +2.97041581577e+000
  +3.44642923175e+000
  +3.91373666837e+000
  +4.37115766651e+000
  +4.81753674102e+000
  +5.25174629961e+000
  +5.67268949127e+000
  +6.07930297695e+000
  +6.47055961569e+000
  +6.84547105929e+000
  +7.20309024888e+000
  +7.54251380736e+000
  +7.86288432137e+000
  +8.16339250717e+000
  +8.44327925502e+000
  +8.70183754670e+000
  +8.93841424151e+000
  +9.15241172621e+000
  +9.34328942457e+000
  +9.51056516295e+000
  +9.65381638833e+000
  +9.77268123568e+000
  +9.86685944208e+000
  +9.93611310520e+000
  +9.98026728428e+000
  +9.99921044204e+000
  +9.99289472641e+000
  +9.96133609143e+000
  +9.90461425697e+000
  +9.82287250729e+000
  +9.71631732915e+000
  +9.58521789017e+000
  +9.42990535893e+000
  +9.25077206834e+000
  +9.04827052466e+000
  +8.82291226435e+000
  +8.57526656194e+000
  +8.30595899196e+000
  +8.01566984871e+000
  +7.70513242776e+000
  +7.37513117358e+000
  +7.02649969799e+000
  +6.66011867434e+000
  +6.27691361291e+000
  +5.87785252292e+000
  +5.46394346734e+000
  +5.03623201636e+000
  +4.59579860621e+000
  +4.14375580993e+000
  +3.68124552685e+000
  +3.20943609807e+000
  +2.72951935517e+000
  +2.24270760949e+000
  +1.75023058975e+000
  +1.25333233564e+000
  +7.53268055279e-001
  +2.51300954433e-001
  -2.51300954433e-001
  -7.53268055279e-001
  -1.25333233564e+000
  -1.75023058975e+000
  -2.24270760949e+000
  -2.72951935517e+000
  -3.20943609807e+000
  -3.68124552685e+000
  -4.14375580993e+000
  -4.59579860621e+000
  -5.03623201636e+000
  -5.46394346734e+000
  -5.87785252292e+000
  -6.27691361291e+000
  -6.66011867434e+000
  -7.02649969799e+000
  -7.37513117358e+000
  -7.70513242776e+000
  -8.01566984871e+000
  -8.30595899196e+000
  -8.57526656194e+000
  -8.82291226435e+000
  -9.04827052466e+000
  -9.25077206834e+000
  -9.42990535893e+000
  -9.58521789017e+000
  -9.71631732915e+000
  -9.82287250729e+000
  -9.90461425697e+000
  -9.96133609143e+000
  -9.99289472641e+000
  -9.99921044204e+000
  -9.98026728428e+000
  -9.93611310520e+000
  -9.86685944208e+000
  -9.77268123568e+000
  -9.65381638833e+000
  -9.51056516295e+000
  -9.34328942457e+000
  -9.15241172621e+000
  -8.93841424151e+000
  -8.70183754670e+000
  -8.44327925502e+000
  -8.16339250717e+000
  -7.86288432137e+000
  -7.54251380736e+000
  -7.20309024888e+000
  -6.84547105929e+000
  -6.47055961569e+000
  -6.07930297695e+000
  -5.67268949127e+000
  -5.25174629961e+000
  -4.81753674102e+000
  -4.37115766651e+000
  -3.91373666837e+000
  -3.44642923175e+000
  -2.97041581577e+000
  -2.48689887165e+000
  -1.99709980514e+000
  -1.50225589121e+000
  -1.00361714851e+000
  -5.02443181798e-001
  -9.79685083058e-015
</dep>
<dep Vs1.Vt time>
  +0.00000000000e+000
  +5.02443177449e-001
  +1.00361714067e+000
  +1.50225588038e+000
  +1.99709979166e+000
  +2.48689885578e+000
  +2.97041579771e+000
  +3.44642921167e+000
  +3.91373664643e+000
  +4.37115764283e+000
  +4.81753671571e+000
  +5.25174627279e+000
  +5.67268946302e+000
  +6.07930294738e+000
  +6.47055958489e+000
  +6.84547102732e+000
  +7.20309021584e+000
  +7.54251377332e+000
  +7.86288428640e+000
  +8.16339247135e+000
  +8.44327921842e+000
  +8.70183750939e+000
  +8.93841420356e+000
  +9.15241168768e+000
  +9.34328938553e+000
  +9.51056512348e+000
  +9.65381634849e+000
  +9.77268119553e+000
  +9.86685940168e+000
  +9.93611306463e+000
  +9.98026724359e+000
  +9.99921040130e+000
  +9.99289468569e+000
  +9.96133605079e+000
  +9.90461421647e+000
  +9.82287246700e+000
  +9.71631728914e+000
  +9.58521785051e+000
  +9.42990531967e+000
  +9.25077202956e+000
  +9.04827048641e+000
  +8.82291222671e+000
  +8.57526652497e+000
  +8.30595895574e+000
  +8.01566981330e+000
  +7.70513239324e+000
  +7.37513114003e+000
  +7.02649966547e+000
  +6.66011864294e+000
  +6.27691358270e+000
  +5.87785249400e+000
  +5.46394343979e+000
  +5.03623199028e+000
  +4.59579858170e+000
  +4.14375578710e+000
  +3.68124550582e+000
  +3.20943607898e+000
  +2.72951933818e+000
  +2.24270759478e+000
  +1.75023057756e+000
  +1.25333232625e+000
  +7.53268049102e-001
  +2.51300952108e-001
  -2.51300951417e-001
  -7.28854494975e-001
  -7.61634569028e-001
  -7.61440605985e-001
  -7.61179897091e-001
  -7.60850015416e-001
  -7.60449869620e-001
  -7.59977190918e-001
  -7.59429330034e-001
  -7.58803075011e-001
  -7.58094587766e-001
  -7.57299298673e-001
  -7.56411776608e-001
  -7.55425561684e-001
  -7.54332949391e-001
  -7.53124709101e-001
  -7.51789712574e-001
  -7.50314436811e-001
  -7.48682287943e-001
  -7.46872664743e-001
  -7.44859634048e-001
  -7.42610012062e-001
  -7.40080508252e-001
  -7.37213338795e-001
  -7.33929242619e-001
  -7.30115891090e-001
  -7.25607714148e-001
  -7.20148837061e-001
  -7.13320865960e-001
  -7.04393971335e-001
  -6.92009548142e-001
  -6.73541629056e-001
  -6.44212136349e-001
  -5.97391391405e-001
  -5.27798108337e-001
  -4.33601350226e-001
  -3.14736092501e-001
  -1.71484865221e-001
  -4.20912861633e-003
  +1.86668567942e-001
  +4.00666050840e-001
  +6.37242743862e-001
  +8.95801033749e-001
  +1.17568777982e+000
  +1.47619596386e+000
  +1.79656647610e+000
  +2.13599003285e+000
  +2.49360922071e+000
  +2.86852066260e+000
  +3.25977729966e+000
  +3.66639078367e+000
  +4.08733397368e+000
  +4.52154353065e+000
  +4.96792260356e+000
  +5.42534360012e+000
  +5.89265103519e+000
  +6.36866444964e+000
  +6.85218139227e+000
  +7.34198045731e+000
  +7.83682436980e+000
  +8.33546311109e+000
  +8.83663707643e+000
  +9.33908025688e+000
  +9.84152343737e+000
  +1.03426974028e+001
  +1.08413361443e+001
  +1.13361800570e+001
  +1.18259791223e+001
  +1.23094960653e+001
  +1.27855094802e+001
  +1.32528169158e+001
  +1.37102379129e+001
  +1.41566169864e+001
  +1.45908265441e+001
  +1.50117697348e+001
  +1.54183832197e+001
  +1.58096398576e+001
  +1.61845513004e+001
  +1.65421704893e+001
  +1.68815940471e+001
  +1.72019645605e+001
  +1.75024727457e+001
  +1.77823594930e+001
  +1.80409177842e+001
  +1.82774944785e+001
  +1.84914919628e+001
  +1.86823696608e+001
  +1.88496453989e+001
  +1.89928966240e+001
  +1.91117614711e+001
  +1.92059396773e+001
  +1.92751933403e+001
  +1.93193475193e+001
  +1.93382906770e+001
  +1.93319749614e+001
  +1.93004163265e+001
  +1.92436944921e+001
  +1.91619527426e+001
  +1.90553975647e+001
  +1.89242981259e+001
  +1.87689855950e+001
  +1.85898523048e+001
  +1.83873507615e+001
  +1.81619925016e+001
  +1.79143467996e+001
  +1.76450392302e+001
  +1.73547500875e+001
  +1.70442126672e+001
  +1.67142114137e+001
  +1.63655799388e+001
  +1.59991989159e+001
  +1.56159938552e+001
  +1.52169327661e+001
  +1.48030237114e+001
  +1.43753122613e+001
  +1.39348788521e+001
  +1.34828360568e+001
  +1.30203257748e+001
  +1.25485163471e+001
  +1.20685996053e+001
  +1.15817878607e+001
  +1.10893108422e+001
  +1.05924125893e+001
  +1.00923483102e+001
  +9.59038121065e+000
  +9.08777930311e+000
  +8.58581220363e+000
  +8.08574792466e+000
  +7.58884967197e+000
  +7.09637265368e+000
  +6.60956090948e+000
  +6.12964416809e+000
  +5.65783474086e+000
  +5.19532445934e+000
  +4.74328166464e+000
  +4.30284825611e+000
  +3.87513680676e+000
  +3.46122775284e+000
  +3.06216666453e+000
  +2.67896160479e+000
  +2.31258058286e+000
  +1.96394910900e+000
  +1.63394785657e+000
  +1.32341043738e+000
  +1.03312129591e+000
  +7.63813727714e-001
  +5.16168027093e-001
  +2.90809768579e-001
  +8.83082266937e-002
  -9.08250620932e-002
  -2.46137591285e-001
  -3.77236981242e-001
  -4.83788814529e-001
  -5.65436426212e-001
  -6.21121341054e-001
  -6.48422305649e-001
  -6.48149930676e-001
  -6.24861012698e-001
  -5.79372894852e-001
  -5.09932073847e-001
  -4.15742682521e-001
  -2.96877565458e-001
  -1.53626339231e-001
  +1.36493973971e-002
  +2.04527093975e-001
  +4.18524576889e-001
  +6.55101269924e-001
  +9.13659559822e-001
  +1.19354630590e+000
  +1.49405448995e+000
  +1.81442500220e+000
  +2.15384855895e+000
  +2.51146774682e+000
  +2.88637918871e+000
  +3.27763582578e+000
  +3.68424930979e+000
  +4.10519249980e+000
  +4.53940205678e+000
  +4.98578112969e+000
  +5.44320212625e+000
  +5.91050956133e+000
  +6.38652297578e+000
  +6.87003991841e+000
  +7.35983898345e+000
  +7.85468289595e+000
  +8.35332163724e+000
  +8.85449560258e+000
  +9.35693878303e+000
  +9.85938196352e+000
  +1.03605559290e+001
  +1.08591946704e+001
  +1.13540385831e+001
  +1.18438376485e+001
  +1.23273545915e+001
  +1.28033680064e+001
  +1.32706754419e+001
  +1.37280964390e+001
  +1.41744755126e+001
  +1.46086850702e+001
  +1.50296282610e+001
  +1.54362417458e+001
  +1.58274983838e+001
  +1.62024098266e+001
  +1.65600290155e+001
  +1.68994525733e+001
  +1.72198230866e+001
  +1.75203312718e+001
  +1.78002180191e+001
  +1.80587763103e+001
  +1.82953530047e+001
  +1.85093504890e+001
  +1.87002281870e+001
  +1.88675039250e+001
  +1.90107551501e+001
  +1.91296199973e+001
  +1.92237982035e+001
  +1.92930518665e+001
  +1.93372060455e+001
  +1.93561492032e+001
  +1.93498334876e+001
  +1.93182748527e+001
  +1.92615530183e+001
  +1.91798112688e+001
  +1.90732560908e+001
  +1.89421566521e+001
  +1.87868441212e+001
  +1.86077108309e+001
  +1.84052092876e+001
  +1.81798510277e+001
  +1.79322053258e+001
  +1.76628977563e+001
  +1.73726086137e+001
  +1.70620711933e+001
  +1.67320699398e+001
  +1.63834384649e+001
  +1.60170574420e+001
  +1.56338523814e+001
  +1.52347912922e+001
  +1.48208822375e+001
  +1.43931707874e+001
  +1.39527373783e+001
  +1.35006945830e+001
  +1.30381843009e+001
  +1.25663748732e+001
  +1.20864581314e+001
  +1.15996463869e+001
  +1.11071693683e+001
  +1.06102711155e+001
  +1.01102068364e+001
  +9.60823973680e+000
  +9.10563782926e+000
  +8.60367072977e+000
  +8.10360645080e+000
  +7.60670819811e+000
  +7.11423117982e+000
  +6.62741943562e+000
  +6.14750269423e+000
  +5.67569326699e+000
  +5.21318298547e+000
  +4.76114019077e+000
  +4.32070678224e+000
  +3.89299533289e+000
  +3.47908627896e+000
  +3.08002519065e+000
  +2.69682013091e+000
  +2.33043910897e+000
  +1.98180763511e+000
  +1.65180638267e+000
  +1.34126896347e+000
  +1.05097982199e+000
  +7.81672253785e-001
  +5.34026553152e-001
  +3.08668294624e-001
  +1.06166752721e-001
  -7.29665360894e-002
  -2.28279065477e-001
  -3.59378483197e-001
  -4.65932011989e-001
  -5.47626636597e-001
  -6.03825422460e-001
  -6.33112692847e-001
  -6.35563716117e-001
  -6.13868414466e-001
  -5.68843606747e-001
  -4.99468768337e-001
  -4.05283480134e-001
  -2.86418466321e-001
  -1.43167241092e-001
  +2.41084955445e-002
  +2.14986192134e-001
  +4.28983675057e-001
  +6.65560368100e-001
  +9.24118658004e-001
  +1.20400540409e+000
  +1.50451358814e+000
  +1.82488410040e+000
  +2.16430765715e+000
  +2.52192684503e+000
  +2.89683828692e+000
  +3.28809492399e+000
  +3.69470840800e+000
  +4.11565159802e+000
  +4.54986115499e+000
  +4.99624022790e+000
  +5.45366122447e+000
  +5.92096865955e+000
  +6.39698207400e+000
  +6.88049901663e+000
  +7.37029808167e+000
  +7.86514199417e+000
  +8.36378073546e+000
  +8.86495470080e+000
  +9.36739788125e+000
  +9.86984106174e+000
  +1.03710150272e+001
  +1.08696537686e+001
  +1.13644976814e+001
  +1.18542967467e+001
  +1.23378136897e+001
  +1.28138271046e+001
  +1.32811345402e+001
  +1.37385555373e+001
  +1.41849346108e+001
  +1.46191441685e+001
  +1.50400873592e+001
  +1.54467008441e+001
  +1.58379574820e+001
  +1.62128689248e+001
  +1.65704881137e+001
  +1.69099116715e+001
  +1.72302821849e+001
  +1.75307903701e+001
  +1.78106771174e+001
  +1.80692354085e+001
  +1.83058121029e+001
  +1.85198095872e+001
  +1.87106872852e+001
  +1.88779630233e+001
  +1.90212142484e+001
  +1.91400790955e+001
  +1.92342573017e+001
  +1.93035109647e+001
  +1.93476651437e+001
  +1.93666083014e+001
  +1.93602925858e+001
  +1.93287339509e+001
  +1.92720121165e+001
  +1.91902703670e+001
  +1.90837151891e+001
  +1.89526157503e+001
  +1.87973032194e+001
  +1.86181699291e+001
  +1.84156683858e+001
  +1.81903101260e+001
  +1.79426644240e+001
  +1.76733568546e+001
  +1.73830677119e+001
  +1.70725302916e+001
  +1.67425290380e+001
  +1.63938975631e+001
  +1.60275165402e+001
  +1.56443114796e+001
  +1.52452503904e+001
  +1.48313413357e+001
  +1.44036298857e+001
  +1.39631964765e+001
  +1.35111536812e+001
  +1.30486433991e+001
  +1.25768339714e+001
  +1.20969172297e+001
  +1.16101054851e+001
  +1.11176284666e+001
  +1.06207302137e+001
  +1.01206659346e+001
  +9.61869883502e+000
  +9.11609692748e+000
  +8.61412982799e+000
  +8.11406554902e+000
  +7.61716729633e+000
  +7.12469027804e+000
  +6.63787853384e+000
  +6.15796179245e+000
  +5.68615236521e+000
  +5.22364208368e+000
  +4.77159928899e+000
  +4.33116588045e+000
  +3.90345443110e+000
  +3.48954537717e+000
  +3.09048428886e+000
  +2.70727922911e+000
  +2.34089820717e+000
  +1.99226673330e+000
  +1.66226548086e+000
  +1.35172806166e+000
  +1.06143892017e+000
  +7.92131351964e-001
  +5.44485651324e-001
  +3.19127392788e-001
  +1.16625850874e-001
  -6.25074379486e-002
  -2.17819967386e-001
  -3.48919392177e-001
  -4.55473579327e-001
  -5.37186575828e-001
  -5.93572189842e-001
  -6.23586117429e-001
  -6.27132735636e-001
  -6.06166198190e-001
  -5.61380247807e-001
  -4.92042965438e-001
  -3.97860214664e-001
  -2.78995269207e-001
  -1.35744044659e-001
  +3.15316919869e-002
  +2.22409388585e-001
  +4.36406871514e-001
  +6.72983564562e-001
  +9.31541854471e-001
  +1.21142860056e+000
  +1.51193678461e+000
  +1.83230729688e+000
  +2.17173085363e+000
  +2.52935004151e+000
  +2.90426148340e+000
  +3.29551812047e+000
  +3.70213160449e+000
  +4.12307479450e+000
  +4.55728435148e+000
  +5.00366342439e+000
  +5.46108442096e+000
  +5.92839185604e+000
  +6.40440527049e+000
  +6.88792221312e+000
  +7.37772127816e+000
  +7.87256519066e+000
  +8.37120393195e+000
  +8.87237789729e+000
  +9.37482107775e+000
</dep>
<dep V1.It time>
  +0.00000000000e+000
  -4.78800145528e-011
  -4.02233022277e-011
  -3.52905864919e-011
  -3.16966641399e-011
  -2.88920700561e-011
  -2.65955003668e-011
  -2.46464656923e-011
  -2.29459595865e-011
  -2.14291913484e-011
  -2.00520705523e-011
  -1.87831692298e-011
  -1.75996517681e-011
  -1.64843431732e-011
  -1.54243247220e-011
  -1.44094259773e-011
  -1.34316642236e-011
  -1.24846385926e-011
  -1.15631720505e-011
  -1.06630888698e-011
  -9.78090103845e-012
  -8.91374377673e-012
  -8.05934022634e-012
  -7.21521963108e-012
  -6.38002437250e-012
  -5.55202660409e-012
  -4.73000200309e-012
  -3.91280585533e-012
  -3.09915596510e-012
  -2.28829821050e-012
  -1.47921782608e-012
  -6.71241433285e-013
  +1.36533139023e-013
  +9.45110237060e-013
  +1.75515429557e-012
  +2.56753083872e-012
  +3.38331843817e-012
  +4.20327982610e-012
  +5.02874375287e-012
  +5.86100838703e-012
  +6.70124261183e-012
  +7.55143952097e-012
  +8.41335048784e-012
  +9.28921812738e-012
  +1.01817280814e-011
  +1.10942534827e-011
  +1.20305792810e-011
  +1.29955142619e-011
  +1.39948724167e-011
  +1.50358740267e-011
  +1.61278891235e-011
  +1.72825860759e-011
  +1.85152401679e-011
  +1.98463380294e-011
  +2.13032290845e-011
  +2.29244685867e-011
  +2.47654525190e-011
  +2.69092674633e-011
  +2.94873636296e-011
  +3.27224528161e-011
  +3.70290309823e-011
  +4.32933812562e-011
  +5.38906819434e-011
  +9.55084239843e-011
  +1.75469783168e-003
  +6.23566359468e-003
  +6.18905362536e-003
  +6.12695280124e-003
  +6.04926726074e-003
  +5.95635573319e-003
  +5.84843925238e-003
  +5.72580214510e-003
  +5.58876343828e-003
  +5.43768041980e-003
  +5.27294724144e-003
  +5.09499461949e-003
  +4.90428913956e-003
  +4.70133296274e-003
  +4.48666340701e-003
  +4.26085310718e-003
  +4.02451034523e-003
  +3.77828041368e-003
  +3.52284787400e-003
  +3.25894103690e-003
  +2.98733935160e-003
  +2.70888655110e-003
  +2.42451315445e-003
  +2.13527700606e-003
  +1.84243769294e-003
  +1.54760049963e-003
  +1.25300806528e-003
  +9.62164075765e-004
  +6.81214804476e-004
  +4.21924916550e-004
  +2.06532369162e-004
  +6.64163342851e-005
  +1.08572845545e-005
  +7.35528666473e-007
  +1.92129283732e-008
  +1.76280345930e-010
  -2.61738245995e-011
  -1.78746160798e-011
  -1.79074119664e-011
  -1.78815975804e-011
  -2.69875839548e-011
  -1.77119522318e-011
  -2.67577572638e-011
  -1.74319599335e-011
  -1.72564421974e-011
  -1.70638870075e-011
  -1.68533973650e-011
  -1.66265449917e-011
  -1.63838254381e-011
  -1.61256183966e-011
  -1.58530024107e-011
  -1.55661483108e-011
  -1.52653185596e-011
  -1.49511129507e-011
  -1.46238864443e-011
  -1.42837563310e-011
  -1.39312577437e-011
  -1.35665786037e-011
  -1.31898141779e-011
  -1.28016703830e-011
  -1.24023641198e-011
  -1.19918940229e-011
  -1.15706924137e-011
  -1.11390247393e-011
  -1.06973394177e-011
  -1.02456857169e-011
  -9.78473186530e-012
  -9.31441411122e-012
  -8.83531775059e-012
  -8.34755002151e-012
  -7.85162189272e-012
  -7.34768351619e-012
  -6.83614368963e-012
  -6.31715929214e-012
  -5.79148278313e-012
  -5.25907030690e-012
  -4.72037216098e-012
  -4.17566211988e-012
  -3.62554410434e-012
  -3.07015910841e-012
  -2.50992010254e-012
  -1.94526450070e-012
  -1.37613026355e-012
  -8.03468755175e-013
  -2.27574339343e-013
  +3.51815989487e-013
  +9.33480880658e-013
  +1.51760101250e-012
  +2.10394383995e-012
  +2.69160448489e-012
  +3.28050006653e-012
  +3.87031950305e-012
  +4.46043897248e-012
  +5.05064062951e-012
  +5.64070864501e-012
  +6.22996818117e-012
  +6.81809791725e-012
  +7.40488356459e-012
  +7.98991313296e-012
  +8.57300258458e-012
  +9.15331449854e-012
  +9.73060428819e-012
  +1.03048267505e-011
  +1.08751468640e-011
  +1.14418314483e-011
  +1.20038544766e-011
  +1.25612479315e-011
  +1.31134763983e-011
  +1.36603537942e-011
  +1.42015309028e-011
  +1.47366262923e-011
  +1.52650066989e-011
  +1.57866932830e-011
  +1.63012463663e-011
  +1.68084385947e-011
  +1.73076554474e-011
  +1.77988037066e-011
  +1.82813746234e-011
  +1.87552280418e-011
  +1.92201958156e-011
  +1.96757071191e-011
  +2.01213421082e-011
  +2.05570415892e-011
  +2.09824235698e-011
  +2.13972405664e-011
  +2.18013281369e-011
  +2.21940801374e-011
  +2.25755813450e-011
  +2.29449703947e-011
  +2.33025563069e-011
  +2.36478189480e-011
  +2.39802881899e-011
  +2.42997703628e-011
  +2.46060124825e-011
  +2.48986321005e-011
  +2.51770397632e-011
  +2.54410588387e-011
  +2.56901374212e-011
  +2.59235893862e-011
  +2.61408314676e-011
  +2.63407577762e-011
  +2.65223046756e-011
  +2.66840082023e-011
  +2.68234962244e-011
  +2.69377090065e-011
  +2.70218069062e-011
  +2.70685970108e-011
  +2.70660555744e-011
  +2.70267249942e-011
  +4.04555576322e-011
  +2.20060271076e-009
  +1.34079895584e-007
  +3.15431888522e-006
  +2.71873783773e-005
  +7.81632525518e-005
  +7.73440474162e-005
  +3.14188790470e-005
  +5.40784404761e-006
  +3.68515735016e-007
  +9.62572688278e-009
  +8.01240598568e-011
  -1.69841956034e-011
  -1.75588619175e-011
  -1.76457320394e-011
  -1.76595574153e-011
  -1.76210368552e-011
  -1.75423559017e-011
  -1.74312880202e-011
  -1.72930852816e-011
  -1.71315050056e-011
  -1.69485415969e-011
  -1.67461731252e-011
  -1.65260410362e-011
  -1.62888208265e-011
  -1.60358189876e-011
  -1.57671617641e-011
  -1.54838494271e-011
  -1.51862878078e-011
  -1.48748991326e-011
  -1.45501189801e-011
  -1.42120935844e-011
  -1.38616390146e-011
  -1.34986197676e-011
  -1.31235301063e-011
  -1.27368400755e-011
  -1.23384926375e-011
  -1.19292306068e-011
  -1.15090692441e-011
  -1.10784372933e-011
  -1.06375622257e-011
  -1.01868950174e-011
  -9.72666793097e-012
  -9.25705110882e-012
  -8.77851202033e-012
  -8.29146769665e-012
  -7.79594697342e-012
  -7.29268395266e-012
  -6.78164776123e-012
  -6.26316624450e-012
  -5.73786126731e-012
  -5.20580843394e-012
  -4.66755803271e-012
  -4.12339039503e-012
  -3.57347635905e-012
  -3.01860590171e-012
  -2.45846998831e-012
  -1.89427993114e-012
  -1.32551496109e-012
  -7.53098706651e-013
  -1.77243883580e-013
  +4.01431389406e-013
  +9.83100186742e-013
  +1.56704009659e-012
  +2.15285393434e-012
  +2.74028803984e-012
  +3.32896191943e-012
  +3.91830795433e-012
  +4.50839413761e-012
  +5.09835697228e-012
  +5.68804726263e-012
  +6.27712534415e-012
  +6.86515444976e-012
  +7.45164061160e-012
  +8.03644700870e-012
  +8.61907676085e-012
  +9.19901237627e-012
  +9.77604436878e-012
  +1.03499631780e-011
  +1.09201900692e-011
  +1.14861699690e-011
  +1.20481542474e-011
  +1.26050818821e-011
  +1.31569806412e-011
  +1.37035362637e-011
  +1.42442737534e-011
  +1.47790283249e-011
  +1.53071355845e-011
  +1.58281443182e-011
  +1.63424375221e-011
  +1.68488685423e-011
  +1.73476311326e-011
  +1.78380706855e-011
  +1.83201854362e-011
  +1.87933268668e-011
  +1.92574841592e-011
  +1.97119879913e-011
  +2.01569713993e-011
  +2.05918223129e-011
  +2.10162297062e-011
  +2.14300181522e-011
  +2.18326424938e-011
  +2.22241656436e-011
  +2.26040517716e-011
  +2.29717886376e-011
  +2.33275864004e-011
  +2.36707412835e-011
  +2.40007950912e-011
  +2.43177639775e-011
  +2.46210863288e-011
  +2.49101289134e-011
  +2.51846502912e-011
  +2.54442327819e-011
  +2.56878496777e-011
  +2.59150841784e-011
  +2.61248309406e-011
  +2.63156754166e-011
  +2.64862691628e-011
  +2.66343390615e-011
  +2.67568283476e-011
  +2.68493791964e-011
  +2.69055305833e-011
  +2.69148286849e-011
  +2.68611231616e-011
  +1.74843898602e-011
  +2.40253513916e-011
  +1.10631532818e-009
  +6.72138867787e-008
  +1.58386214604e-006
  +1.39254505653e-005
  +4.32327428476e-005
  +4.75322151778e-005
  +2.05363548015e-005
  +3.59865141248e-006
  +2.45851642225e-007
  +6.41778206029e-009
  +4.80794085253e-011
  -1.69114364797e-011
  -1.74109642085e-011
  -1.75377109970e-011
  -2.67897885261e-011
  -2.67715837644e-011
  -1.74976160161e-011
  -1.73985284574e-011
  -1.72699523804e-011
  -1.71159859519e-011
  -1.69395047073e-011
  -1.67426680810e-011
  -1.65270474946e-011
  -1.62938859858e-011
  -1.60441708802e-011
  -1.57787349266e-011
  -1.54980644624e-011
  -1.52028532953e-011
  -1.48936103508e-011
  -1.45706179922e-011
  -1.42345833994e-011
  -1.38855524856e-011
  -1.35239842833e-011
  -1.31503381450e-011
  -1.27648812298e-011
  -1.23678166862e-011
  -1.19596035820e-011
  -1.15404237301e-011
  -1.11108088185e-011
  -1.06708744143e-011
  -1.02210846691e-011
  -9.76159310004e-012
  -9.29275235803e-012
  -8.81494254617e-012
  -8.32844184936e-012
  -7.83366306985e-012
  -7.33094971427e-012
  -6.82042221745e-012
  -6.30263417564e-012
  -5.77775181190e-012
  -5.24622992398e-012
  -4.70858312359e-012
  -4.16483163797e-012
  -3.61528196803e-012
  -3.06071400991e-012
  -2.50117344583e-012
  -1.93709957207e-012
  -1.36881496385e-012
  -7.96726796188e-013
  -2.21251684235e-013
  +3.57405125758e-013
  +9.38720622187e-013
  +1.52237571162e-012
  +2.10790200255e-012
  +2.69520538177e-012
  +3.28365050922e-012
  +3.87300835730e-012
  +4.46262127887e-012
  +5.05251629319e-012
  +5.64212524311e-012
  +6.23098009090e-012
  +6.81884379987e-012
  +7.40523554124e-012
  +7.99002854977e-012
  +8.57250836961e-012
  +9.15242429650e-012
  +9.72948344190e-012
  +1.03033456630e-011
  +1.08734830342e-011
  +1.14396002572e-011
  +1.20012700199e-011
  +1.25583423845e-011
  +1.31104007295e-011
  +1.36568968549e-011
  +1.41976155855e-011
  +1.47323081030e-011
  +1.52602225024e-011
  +1.57815475720e-011
  +1.62956310553e-011
  +1.68020223458e-011
  +1.73008211636e-011
  +1.77912459193e-011
  +1.82733031707e-011
  +1.87465618305e-011
  +1.92105441411e-011
  +1.96651193920e-011
  +2.01098877675e-011
  +2.05445233595e-011
  +2.09687732829e-011
  +2.13822402266e-011
  +2.17847602568e-011
  +2.21758435075e-011
  +2.25552655987e-011
  +2.29226841297e-011
  +2.32777641062e-011
  +2.36201819174e-011
  +2.39495196225e-011
  +2.42654636422e-011
  +2.45674821153e-011
  +2.48551714762e-011
  +2.51281046470e-011
  +2.53854962968e-011
  +2.56267517100e-011
  +2.58509940990e-011
  +2.60570154795e-011
  +2.62435685977e-011
  +2.64087407491e-011
  +2.65500226505e-011
  +2.66639266626e-011
  +2.67455092553e-011
  +2.67872419476e-011
  +2.67777866354e-011
  +1.74862025742e-011
  +2.65283167142e-011
  +3.07450448633e-011
  +7.43454365710e-010
  +4.48488696250e-008
  +1.05762380709e-006
  +9.36618069713e-006
  +2.99070420783e-005
  +3.43047198463e-005
  +1.52451496188e-005
  +2.69624416762e-006
  +1.84457608059e-007
  +4.80309166309e-009
  +2.29316731808e-011
  -2.59978649630e-011
  -2.64659369383e-011
  -2.66138981258e-011
  -1.75520286944e-011
  -2.66659041167e-011
  -2.66127187428e-011
  -1.74033875091e-011
  -2.63993330264e-011
  -1.71318761335e-011
  -2.60785926203e-011
  -1.67658500734e-011
  -2.56721478304e-011
  -1.63229861992e-011
  -2.51940949627e-011
  -1.58118465393e-011
  -2.46514236587e-011
  -1.52390179312e-011
  -2.40499610711e-011
  -1.46091267768e-011
  -2.33929227055e-011
  -1.39257273940e-011
  -2.26839523901e-011
  -1.31922109977e-011
  -2.19264405860e-011
  -1.24110905702e-011
  -2.11225357951e-011
</dep>
<dep _net0.Vt time>
  +0.00000000000e+000
  +5.02443181798e-001
  +1.00361714851e+000
  +1.50225589121e+000
  +1.99709980514e+000
  +2.48689887165e+000
  +2.97041581577e+000
  +3.44642923175e+000
  +3.91373666837e+000
  +4.37115766651e+000
  +4.81753674102e+000
  +5.25174629961e+000
  +5.67268949127e+000
  +6.07930297695e+000
  +6.47055961569e+000
  +6.84547105929e+000
  +7.20309024888e+000
  +7.54251380736e+000
  +7.86288432137e+000
  +8.16339250717e+000
  +8.44327925502e+000
  +8.70183754670e+000
  +8.93841424151e+000
  +9.15241172621e+000
  +9.34328942457e+000
  +9.51056516295e+000
  +9.65381638833e+000
  +9.77268123568e+000
  +9.86685944208e+000
  +9.93611310520e+000
  +9.98026728428e+000
  +9.99921044204e+000
  +9.99289472641e+000
  +9.96133609143e+000
  +9.90461425697e+000
  +9.82287250729e+000
  +9.71631732915e+000
  +9.58521789017e+000
  +9.42990535893e+000
  +9.25077206834e+000
  +9.04827052466e+000
  +8.82291226435e+000
  +8.57526656194e+000
  +8.30595899196e+000
  +8.01566984871e+000
  +7.70513242776e+000
  +7.37513117358e+000
  +7.02649969799e+000
  +6.66011867434e+000
  +6.27691361291e+000
  +5.87785252292e+000
  +5.46394346734e+000
  +5.03623201636e+000
  +4.59579860621e+000
  +4.14375580993e+000
  +3.68124552685e+000
  +3.20943609807e+000
  +2.72951935517e+000
  +2.24270760949e+000
  +1.75023058975e+000
  +1.25333233564e+000
  +7.53268055279e-001
  +2.51300954433e-001
  -2.51300954433e-001
  -7.53268055279e-001
  -1.25333233564e+000
  -1.75023058975e+000
  -2.24270760949e+000
  -2.72951935517e+000
  -3.20943609807e+000
  -3.68124552685e+000
  -4.14375580993e+000
  -4.59579860621e+000
  -5.03623201636e+000
  -5.46394346734e+000
  -5.87785252292e+000
  -6.27691361291e+000
  -6.66011867434e+000
  -7.02649969799e+000
  -7.37513117358e+000
  -7.70513242776e+000
  -8.01566984871e+000
  -8.30595899196e+000
  -8.57526656194e+000
  -8.82291226435e+000
  -9.04827052466e+000
  -9.25077206834e+000
  -9.42990535893e+000
  -9.58521789017e+000
  -9.71631732915e+000
  -9.82287250729e+000
  -9.90461425697e+000
  -9.96133609143e+000
  -9.99289472641e+000
  -9.99921044204e+000
  -9.98026728428e+000
  -9.93611310520e+000
  -9.86685944208e+000
  -9.77268123568e+000
  -9.65381638833e+000
  -9.51056516295e+000
  -9.34328942457e+000
  -9.15241172621e+000
  -8.93841424151e+000
  -8.70183754670e+000
  -8.44327925502e+000
  -8.16339250717e+000
  -7.86288432137e+000
  -7.54251380736e+000
  -7.20309024888e+000
  -6.84547105929e+000
  -6.47055961569e+000
  -6.07930297695e+000
  -5.67268949127e+000
  -5.25174629961e+000
  -4.81753674102e+000
  -4.37115766651e+000
  -3.91373666837e+000
  -3.44642923175e+000
  -2.97041581577e+000
  -2.48689887165e+000
  -1.99709980514e+000
  -1.50225589121e+000
  -1.00361714851e+000
  -5.02443181798e-001
  -2.44921270764e-015
  +5.02443181798e-001
  +1.00361714851e+000
  +1.50225589121e+000
  +1.99709980514e+000
  +2.48689887165e+000
  +2.97041581577e+000
  +3.44642923175e+000
  +3.91373666837e+000
  +4.37115766651e+000
  +4.81753674102e+000
  +5.25174629961e+000
  +5.67268949127e+000
  +6.07930297695e+000
  +6.47055961569e+000
  +6.84547105929e+000
  +7.20309024888e+000
  +7.54251380736e+000
  +7.86288432137e+000
  +8.16339250717e+000
  +8.44327925502e+000
  +8.70183754670e+000
  +8.93841424151e+000
  +9.15241172621e+000
  +9.34328942457e+000
  +9.51056516295e+000
  +9.65381638833e+000
  +9.77268123568e+000
  +9.86685944208e+000
  +9.93611310520e+000
  +9.98026728428e+000
  +9.99921044204e+000
  +9.99289472641e+000
  +9.96133609143e+000
  +9.90461425697e+000
  +9.82287250729e+000
  +9.71631732915e+000
  +9.58521789017e+000
  +9.42990535893e+000
  +9.25077206834e+000
  +9.04827052466e+000
  +8.82291226435e+000
  +8.57526656194e+000
  +8.30595899196e+000
  +8.01566984871e+000
  +7.70513242776e+000
  +7.37513117358e+000
  +7.02649969799e+000
  +6.66011867434e+000
  +6.27691361291e+000
  +5.87785252292e+000
  +5.46394346734e+000
  +5.03623201636e+000
  +4.59579860621e+000
  +4.14375580993e+000
  +3.68124552685e+000
  +3.20943609807e+000
  +2.72951935517e+000
  +2.24270760949e+000
  +1.75023058975e+000
  +1.25333233564e+000
  +7.53268055279e-001
  +2.51300954433e-001
  -2.51300954433e-001
  -7.53268055279e-001
  -1.25333233564e+000
  -1.75023058975e+000
  -2.24270760949e+000
  -2.72951935517e+000
  -3.20943609807e+000
  -3.68124552685e+000
  -4.14375580993e+000
  -4.59579860621e+000
  -5.03623201636e+000
  -5.46394346734e+000
  -5.87785252292e+000
  -6.27691361291e+000
  -6.66011867434e+000
  -7.02649969799e+000
  -7.37513117358e+000
  -7.70513242776e+000
  -8.01566984871e+000
  -8.30595899196e+000
  -8.57526656194e+000
  -8.82291226435e+000
  -9.04827052466e+000
  -9.25077206834e+000
  -9.42990535893e+000
  -9.58521789017e+000
  -9.71631732915e+000
  -9.82287250729e+000
  -9.90461425697e+000
  -9.96133609143e+000
  -9.99289472641e+000
  -9.99921044204e+000
  -9.98026728428e+000
  -9.93611310520e+000
  -9.86685944208e+000
  -9.77268123568e+000
  -9.65381638833e+000
  -9.51056516295e+000
  -9.34328942457e+000
  -9.15241172621e+000
  -8.93841424151e+000
  -8.70183754670e+000
  -8.44327925502e+000
  -8.16339250717e+000
  -7.86288432137e+000
  -7.54251380736e+000
  -7.20309024888e+000
  -6.84547105929e+000
  -6.47055961569e+000
  -6.07930297695e+000
  -5.67268949127e+000
  -5.25174629961e+000
  -4.81753674102e+000
  -4.37115766651e+000
  -3.91373666837e+000
  -3.44642923175e+000
  -2.97041581577e+000
  -2.48689887165e+000
  -1.99709980514e+000
  -1.50225589121e+000
  -1.00361714851e+000
  -5.02443181798e-001
  -4.89842541529e-015
  +5.02443181798e-001
  +1.00361714851e+000
  +1.50225589121e+000
  +1.99709980514e+000
  +2.48689887165e+000
  +2.97041581577e+000
  +3.44642923175e+000
  +3.91373666837e+000
  +4.37115766651e+000
  +4.81753674102e+000
  +5.25174629961e+000
  +5.67268949127e+000
  +6.07930297695e+000
  +6.47055961569e+000
  +6.84547105929e+000
  +7.20309024888e+000
  +7.54251380736e+000
  +7.86288432137e+000
  +8.16339250717e+000
  +8.44327925502e+000
  +8.70183754670e+000
  +8.93841424151e+000
  +9.15241172621e+000
  +9.34328942457e+000
  +9.51056516295e+000
  +9.65381638833e+000
  +9.77268123568e+000
  +9.86685944208e+000
  +9.93611310520e+000
  +9.98026728428e+000
  +9.99921044204e+000
  +9.99289472641e+000
  +9.96133609143e+000
  +9.90461425697e+000
  +9.82287250729e+000
  +9.71631732915e+000
  +9.58521789017e+000
  +9.42990535893e+000
  +9.25077206834e+000
  +9.04827052466e+000
  +8.82291226435e+000
  +8.57526656194e+000
  +8.30595899196e+000
  +8.01566984871e+000
  +7.70513242776e+000
  +7.37513117358e+000
  +7.02649969799e+000
  +6.66011867434e+000
  +6.27691361291e+000
  +5.87785252292e+000
  +5.46394346734e+000
  +5.03623201636e+000
  +4.59579860621e+000
  +4.14375580993e+000
  +3.68124552685e+000
  +3.20943609807e+000
  +2.72951935517e+000
  +2.24270760949e+000
  +1.75023058975e+000
  +1.25333233564e+000
  +7.53268055279e-001
  +2.51300954433e-001
  -2.51300954433e-001
  -7.53268055279e-001
  -1.25333233564e+000
  -1.75023058975e+000
  -2.24270760949e+000
  -2.72951935517e+000
  -3.20943609807e+000
  -3.68124552685e+000
  -4.14375580993e+000
  -4.59579860621e+000
  -5.03623201636e+000
  -5.46394346734e+000
  -5.87785252292e+000
  -6.27691361291e+000
  -6.66011867434e+000
  -7.02649969799e+000
  -7.37513117358e+000
  -7.70513242776e+000
  -8.01566984871e+000
  -8.30595899196e+000
  -8.57526656194e+000
  -8.82291226435e+000
  -9.04827052466e+000
  -9.25077206834e+000
  -9.42990535893e+000
  -9.58521789017e+000
  -9.71631732915e+000
  -9.82287250729e+000
  -9.90461425697e+000
  -9.96133609143e+000
  -9.99289472641e+000
  -9.99921044204e+000
  -9.98026728428e+000
  -9.93611310520e+000
  -9.86685944208e+000
  -9.77268123568e+000
  -9.65381638833e+000
  -9.51056516295e+000
  -9.34328942457e+000
  -9.15241172621e+000
  -8.93841424151e+000
  -8.70183754670e+000
  -8.44327925502e+000
  -8.16339250717e+000
  -7.86288432137e+000
  -7.54251380736e+000
  -7.20309024888e+000
  -6.84547105929e+000
  -6.47055961569e+000
  -6.07930297695e+000
  -5.67268949127e+000
  -5.25174629961e+000
  -4.81753674102e+000
  -4.37115766651e+000
  -3.91373666837e+000
  -3.44642923175e+000
  -2.97041581577e+000
  -2.48689887165e+000
  -1.99709980514e+000
  -1.50225589121e+000
  -1.00361714851e+000
  -5.02443181798e-001
  -7.34763812293e-015
  +5.02443181798e-001
  +1.00361714851e+000
  +1.50225589121e+000
  +1.99709980514e+000
  +2.48689887165e+000
  +2.97041581577e+000
  +3.44642923175e+000
  +3.91373666837e+000
  +4.37115766651e+000
  +4.81753674102e+000
  +5.25174629961e+000
  +5.67268949127e+000
  +6.07930297695e+000
  +6.47055961569e+000
  +6.84547105929e+000
  +7.20309024888e+000
  +7.54251380736e+000
  +7.86288432137e+000
  +8.16339250717e+000
  +8.44327925502e+000
  +8.70183754670e+000
  +8.93841424151e+000
  +9.15241172621e+000
  +9.34328942457e+000
  +9.51056516295e+000
  +9.65381638833e+000
  +9.77268123568e+000
  +9.86685944208e+000
  +9.93611310520e+000
  +9.98026728428e+000
  +9.99921044204e+000
  +9.99289472641e+000
  +9.96133609143e+000
  +9.90461425697e+000
  +9.82287250729e+000
  +9.71631732915e+000
  +9.58521789017e+000
  +9.42990535893e+000
  +9.25077206834e+000
  +9.04827052466e+000
  +8.82291226435e+000
  +8.57526656194e+000
  +8.30595899196e+000
  +8.01566984871e+000
  +7.70513242776e+000
  +7.37513117358e+000
  +7.02649969799e+000
  +6.66011867434e+000
  +6.27691361291e+000
  +5.87785252292e+000
  +5.46394346734e+000
  +5.03623201636e+000
  +4.59579860621e+000
  +4.14375580993e+000
  +3.68124552685e+000
  +3.20943609807e+000
  +2.72951935517e+000
  +2.24270760949e+000
  +1.75023058975e+000
  +1.25333233564e+000
  +7.53268055279e-001
  +2.51300954433e-001
  -2.51300954433e-001
  -7.53268055279e-001
  -1.25333233564e+000
  -1.75023058975e+000
  -2.24270760949e+000
  -2.72951935517e+000
  -3.20943609807e+000
  -3.68124552685e+000
  -4.14375580993e+000
  -4.59579860621e+000
  -5.03623201636e+000
  -5.46394346734e+000
  -5.87785252292e+000
  -6.27691361291e+000
  -6.66011867434e+000
  -7.02649969799e+000
  -7.37513117358e+000
  -7.70513242776e+000
  -8.01566984871e+000
  -8.30595899196e+000
  -8.57526656194e+000
  -8.82291226435e+000
  -9.04827052466e+000
  -9.25077206834e+000
  -9.42990535893e+000
  -9.58521789017e+000
  -9.71631732915e+000
  -9.82287250729e+000
  -9.90461425697e+000
  -9.96133609143e+000
  -9.99289472641e+000
  -9.99921044204e+000
  -9.98026728428e+000
  -9.93611310520e+000
  -9.86685944208e+000
  -9.77268123568e+000
  -9.65381638833e+000
  -9.51056516295e+000
  -9.34328942457e+000
  -9.15241172621e+000
  -8.93841424151e+000
  -8.70183754670e+000
  -8.44327925502e+000
  -8.16339250717e+000
  -7.86288432137e+000
  -7.54251380736e+000
  -7.20309024888e+000
  -6.84547105929e+000
  -6.47055961569e+000
  -6.07930297695e+000
  -5.67268949127e+000
  -5.25174629961e+000
  -4.81753674102e+000
  -4.37115766651e+000
  -3.91373666837e+000
  -3.44642923175e+000
  -2.97041581577e+000
  -2.48689887165e+000
  -1.99709980514e+000
  -1.50225589121e+000
  -1.00361714851e+000
  -5.02443181798e-001
  -9.79685083058e-015
</dep>
<dep _net1.Vt time>
  +0.00000000000e+000
  +5.02443177449e-001
  +1.00361714067e+000
  +1.50225588038e+000
  +1.99709979166e+000
  +2.48689885578e+000
  +2.97041579771e+000
  +3.44642921167e+000
  +3.91373664643e+000
  +4.37115764283e+000
  +4.81753671571e+000
  +5.25174627279e+000
  +5.67268946302e+000
  +6.07930294738e+000
  +6.47055958489e+000
  +6.84547102732e+000
  +7.20309021584e+000
  +7.54251377332e+000
  +7.86288428640e+000
  +8.16339247135e+000
  +8.44327921842e+000
  +8.70183750939e+000
  +8.93841420356e+000
  +9.15241168768e+000
  +9.34328938553e+000
  +9.51056512348e+000
  +9.65381634849e+000
  +9.77268119553e+000
  +9.86685940168e+000
  +9.93611306463e+000
  +9.98026724359e+000
  +9.99921040130e+000
  +9.99289468569e+000
  +9.96133605079e+000
  +9.90461421647e+000
  +9.82287246700e+000
  +9.71631728914e+000
  +9.58521785051e+000
  +9.42990531967e+000
  +9.25077202956e+000
  +9.04827048641e+000
  +8.82291222671e+000
  +8.57526652497e+000
  +8.30595895574e+000
  +8.01566981330e+000
  +7.70513239324e+000
  +7.37513114003e+000
  +7.02649966547e+000
  +6.66011864294e+000
  +6.27691358270e+000
  +5.87785249400e+000
  +5.46394343979e+000
  +5.03623199028e+000
  +4.59579858170e+000
  +4.14375578710e+000
  +3.68124550582e+000
  +3.20943607898e+000
  +2.72951933818e+000
  +2.24270759478e+000
  +1.75023057756e+000
  +1.25333232625e+000
  +7.53268049102e-001
  +2.51300952108e-001
  -2.51300951417e-001
  -7.28854494975e-001
  -7.61634569028e-001
  -7.61440605985e-001
  -7.61179897091e-001
  -7.60850015416e-001
  -7.60449869620e-001
  -7.59977190918e-001
  -7.59429330034e-001
  -7.58803075011e-001
  -7.58094587766e-001
  -7.57299298673e-001
  -7.56411776608e-001
  -7.55425561684e-001
  -7.54332949391e-001
  -7.53124709101e-001
  -7.51789712574e-001
  -7.50314436811e-001
  -7.48682287943e-001
  -7.46872664743e-001
  -7.44859634048e-001
  -7.42610012062e-001
  -7.40080508252e-001
  -7.37213338795e-001
  -7.33929242619e-001
  -7.30115891090e-001
  -7.25607714148e-001
  -7.20148837061e-001
  -7.13320865960e-001
  -7.04393971335e-001
  -6.92009548142e-001
  -6.73541629056e-001
  -6.44212136349e-001
  -5.97391391405e-001
  -5.27798108337e-001
  -4.33601350226e-001
  -3.14736092501e-001
  -1.71484865221e-001
  -4.20912861633e-003
  +1.86668567942e-001
  +4.00666050840e-001
  +6.37242743862e-001
  +8.95801033749e-001
  +1.17568777982e+000
  +1.47619596386e+000
  +1.79656647610e+000
  +2.13599003285e+000
  +2.49360922071e+000
  +2.86852066260e+000
  +3.25977729966e+000
  +3.66639078367e+000
  +4.08733397368e+000
  +4.52154353065e+000
  +4.96792260356e+000
  +5.42534360012e+000
  +5.89265103519e+000
  +6.36866444964e+000
  +6.85218139227e+000
  +7.34198045731e+000
  +7.83682436980e+000
  +8.33546311109e+000
  +8.83663707643e+000
  +9.33908025688e+000
  +9.84152343737e+000
  +1.03426974028e+001
  +1.08413361443e+001
  +1.13361800570e+001
  +1.18259791223e+001
  +1.23094960653e+001
  +1.27855094802e+001
  +1.32528169158e+001
  +1.37102379129e+001
  +1.41566169864e+001
  +1.45908265441e+001
  +1.50117697348e+001
  +1.54183832197e+001
  +1.58096398576e+001
  +1.61845513004e+001
  +1.65421704893e+001
  +1.68815940471e+001
  +1.72019645605e+001
  +1.75024727457e+001
  +1.77823594930e+001
  +1.80409177842e+001
  +1.82774944785e+001
  +1.84914919628e+001
  +1.86823696608e+001
  +1.88496453989e+001
  +1.89928966240e+001
  +1.91117614711e+001
  +1.92059396773e+001
  +1.92751933403e+001
  +1.93193475193e+001
  +1.93382906770e+001
  +1.93319749614e+001
  +1.93004163265e+001
  +1.92436944921e+001
  +1.91619527426e+001
  +1.90553975647e+001
  +1.89242981259e+001
  +1.87689855950e+001
  +1.85898523048e+001
  +1.83873507615e+001
  +1.81619925016e+001
  +1.79143467996e+001
  +1.76450392302e+001
  +1.73547500875e+001
  +1.70442126672e+001
  +1.67142114137e+001
  +1.63655799388e+001
  +1.59991989159e+001
  +1.56159938552e+001
  +1.52169327661e+001
  +1.48030237114e+001
  +1.43753122613e+001
  +1.39348788521e+001
  +1.34828360568e+001
  +1.30203257748e+001
  +1.25485163471e+001
  +1.20685996053e+001
  +1.15817878607e+001
  +1.10893108422e+001
  +1.05924125893e+001
  +1.00923483102e+001
  +9.59038121065e+000
  +9.08777930311e+000
  +8.58581220363e+000
  +8.08574792466e+000
  +7.58884967197e+000
  +7.09637265368e+000
  +6.60956090948e+000
  +6.12964416809e+000
  +5.65783474086e+000
  +5.19532445934e+000
  +4.74328166464e+000
  +4.30284825611e+000
  +3.87513680676e+000
  +3.46122775284e+000
  +3.06216666453e+000
  +2.67896160479e+000
  +2.31258058286e+000
  +1.96394910900e+000
  +1.63394785657e+000
  +1.32341043738e+000
  +1.03312129591e+000
  +7.63813727714e-001
  +5.16168027093e-001
  +2.90809768579e-001
  +8.83082266937e-002
  -9.08250620932e-002
  -2.46137591285e-001
  -3.77236981242e-001
  -4.83788814529e-001
  -5.65436426212e-001
  -6.21121341054e-001
  -6.48422305649e-001
  -6.48149930676e-001
  -6.24861012698e-001
  -5.79372894852e-001
  -5.09932073847e-001
  -4.15742682521e-001
  -2.96877565458e-001
  -1.53626339231e-001
  +1.36493973971e-002
  +2.04527093975e-001
  +4.18524576889e-001
  +6.55101269924e-001
  +9.13659559822e-001
  +1.19354630590e+000
  +1.49405448995e+000
  +1.81442500220e+000
  +2.15384855895e+000
  +2.51146774682e+000
  +2.88637918871e+000
  +3.27763582578e+000
  +3.68424930979e+000
  +4.10519249980e+000
  +4.53940205678e+000
  +4.98578112969e+000
  +5.44320212625e+000
  +5.91050956133e+000
  +6.38652297578e+000
  +6.87003991841e+000
  +7.35983898345e+000
  +7.85468289595e+000
  +8.35332163724e+000
  +8.85449560258e+000
  +9.35693878303e+000
  +9.85938196352e+000
  +1.03605559290e+001
  +1.08591946704e+001
  +1.13540385831e+001
  +1.18438376485e+001
  +1.23273545915e+001
  +1.28033680064e+001
  +1.32706754419e+001
  +1.37280964390e+001
  +1.41744755126e+001
  +1.46086850702e+001
  +1.50296282610e+001
  +1.54362417458e+001
  +1.58274983838e+001
  +1.62024098266e+001
  +1.65600290155e+001
  +1.68994525733e+001
  +1.72198230866e+001
  +1.75203312718e+001
  +1.78002180191e+001
  +1.80587763103e+001
  +1.82953530047e+001
  +1.85093504890e+001
  +1.87002281870e+001
  +1.88675039250e+001
  +1.90107551501e+001
  +1.91296199973e+001
  +1.92237982035e+001
  +1.92930518665e+001
  +1.93372060455e+001
  +1.93561492032e+001
  +1.93498334876e+001
  +1.93182748527e+001
  +1.92615530183e+001
  +1.91798112688e+001
  +1.90732560908e+001
  +1.89421566521e+001
  +1.87868441212e+001
  +1.86077108309e+001
  +1.84052092876e+001
  +1.81798510277e+001
  +1.79322053258e+001
  +1.76628977563e+001
  +1.73726086137e+001
  +1.70620711933e+001
  +1.67320699398e+001
  +1.63834384649e+001
  +1.60170574420e+001
  +1.56338523814e+001
  +1.52347912922e+001
  +1.48208822375e+001
  +1.43931707874e+001
  +1.39527373783e+001
  +1.35006945830e+001
  +1.30381843009e+001
  +1.25663748732e+001
  +1.20864581314e+001
  +1.15996463869e+001
  +1.11071693683e+001
  +1.06102711155e+001
  +1.01102068364e+001
  +9.60823973680e+000
  +9.10563782926e+000
  +8.60367072977e+000
  +8.10360645080e+000
  +7.60670819811e+000
  +7.11423117982e+000
  +6.62741943562e+000
  +6.14750269423e+000
  +5.67569326699e+000
  +5.21318298547e+000
  +4.76114019077e+000
  +4.32070678224e+000
  +3.89299533289e+000
  +3.47908627896e+000
  +3.08002519065e+000
  +2.69682013091e+000
  +2.33043910897e+000
  +1.98180763511e+000
  +1.65180638267e+000
  +1.34126896347e+000
  +1.05097982199e+000
  +7.81672253785e-001
  +5.34026553152e-001
  +3.08668294624e-001
  +1.06166752721e-001
  -7.29665360894e-002
  -2.28279065477e-001
  -3.59378483197e-001
  -4.65932011989e-001
  -5.47626636597e-001
  -6.03825422460e-001
  -6.33112692847e-001
  -6.35563716117e-001
  -6.13868414466e-001
  -5.68843606747e-001
  -4.99468768337e-001
  -4.05283480134e-001
  -2.86418466321e-001
  -1.43167241092e-001
  +2.41084955445e-002
  +2.14986192134e-001
  +4.28983675057e-001
  +6.65560368100e-001
  +9.24118658004e-001
  +1.20400540409e+000
  +1.50451358814e+000
  +1.82488410040e+000
  +2.16430765715e+000
  +2.52192684503e+000
  +2.89683828692e+000
  +3.28809492399e+000
  +3.69470840800e+000
  +4.11565159802e+000
  +4.54986115499e+000
  +4.99624022790e+000
  +5.45366122447e+000
  +5.92096865955e+000
  +6.39698207400e+000
  +6.88049901663e+000
  +7.37029808167e+000
  +7.86514199417e+000
  +8.36378073546e+000
  +8.86495470080e+000
  +9.36739788125e+000
  +9.86984106174e+000
  +1.03710150272e+001
  +1.08696537686e+001
  +1.13644976814e+001
  +1.18542967467e+001
  +1.23378136897e+001
  +1.28138271046e+001
  +1.32811345402e+001
  +1.37385555373e+001
  +1.41849346108e+001
  +1.46191441685e+001
  +1.50400873592e+001
  +1.54467008441e+001
  +1.58379574820e+001
  +1.62128689248e+001
  +1.65704881137e+001
  +1.69099116715e+001
  +1.72302821849e+001
  +1.75307903701e+001
  +1.78106771174e+001
  +1.80692354085e+001
  +1.83058121029e+001
  +1.85198095872e+001
  +1.87106872852e+001
  +1.88779630233e+001
  +1.90212142484e+001
  +1.91400790955e+001
  +1.92342573017e+001
  +1.93035109647e+001
  +1.93476651437e+001
  +1.93666083014e+001
  +1.93602925858e+001
  +1.93287339509e+001
  +1.92720121165e+001
  +1.91902703670e+001
  +1.90837151891e+001
  +1.89526157503e+001
  +1.87973032194e+001
  +1.86181699291e+001
  +1.84156683858e+001
  +1.81903101260e+001
  +1.79426644240e+001
  +1.76733568546e+001
  +1.73830677119e+001
  +1.70725302916e+001
  +1.67425290380e+001
  +1.63938975631e+001
  +1.60275165402e+001
  +1.56443114796e+001
  +1.52452503904e+001
  +1.48313413357e+001
  +1.44036298857e+001
  +1.39631964765e+001
  +1.35111536812e+001
  +1.30486433991e+001
  +1.25768339714e+001
  +1.20969172297e+001
  +1.16101054851e+001
  +1.11176284666e+001
  +1.06207302137e+001
  +1.01206659346e+001
  +9.61869883502e+000
  +9.11609692748e+000
  +8.61412982799e+000
  +8.11406554902e+000
  +7.61716729633e+000
  +7.12469027804e+000
  +6.63787853384e+000
  +6.15796179245e+000
  +5.68615236521e+000
  +5.22364208368e+000
  +4.77159928899e+000
  +4.33116588045e+000
  +3.90345443110e+000
  +3.48954537717e+000
  +3.09048428886e+000
  +2.70727922911e+000
  +2.34089820717e+000
  +1.99226673330e+000
  +1.66226548086e+000
  +1.35172806166e+000
  +1.06143892017e+000
  +7.92131351964e-001
  +5.44485651324e-001
  +3.19127392788e-001
  +1.16625850874e-001
  -6.25074379486e-002
  -2.17819967386e-001
  -3.48919392177e-001
  -4.55473579327e-001
  -5.37186575828e-001
  -5.93572189842e-001
  -6.23586117429e-001
  -6.27132735636e-001
  -6.06166198190e-001
  -5.61380247807e-001
  -4.92042965438e-001
  -3.97860214664e-001
  -2.78995269207e-001
  -1.35744044659e-001
  +3.15316919869e-002
  +2.22409388585e-001
  +4.36406871514e-001
  +6.72983564562e-001
  +9.31541854471e-001
  +1.21142860056e+000
  +1.51193678461e+000
  +1.83230729688e+000
  +2.17173085363e+000
  +2.52935004151e+000
  +2.90426148340e+000
  +3.29551812047e+000
  +3.70213160449e+000
  +4.12307479450e+000
  +4.55728435148e+000
  +5.00366342439e+000
  +5.46108442096e+000
  +5.92839185604e+000
  +6.40440527049e+000
  +6.88792221312e+000
  +7.37772127816e+000
  +7.87256519066e+000
  +8.37120393195e+000
  +8.87237789729e+000
  +9.37482107775e+000
</dep>
