<Qucs Dataset 0.0.18>
<indep time 501>
  +0.00000000000e+00
  +1.00000000000e-06
  +2.00000000000e-06
  +3.00000000000e-06
  +4.00000000000e-06
  +5.00000000000e-06
  +6.00000000000e-06
  +7.00000000000e-06
  +8.00000000000e-06
  +9.00000000000e-06
  +1.00000000000e-05
  +1.10000000000e-05
  +1.20000000000e-05
  +1.30000000000e-05
  +1.40000000000e-05
  +1.50000000000e-05
  +1.60000000000e-05
  +1.70000000000e-05
  +1.80000000000e-05
  +1.90000000000e-05
  +2.00000000000e-05
  +2.10000000000e-05
  +2.20000000000e-05
  +2.30000000000e-05
  +2.40000000000e-05
  +2.50000000000e-05
  +2.60000000000e-05
  +2.70000000000e-05
  +2.80000000000e-05
  +2.90000000000e-05
  +3.00000000000e-05
  +3.10000000000e-05
  +3.20000000000e-05
  +3.30000000000e-05
  +3.40000000000e-05
  +3.50000000000e-05
  +3.60000000000e-05
  +3.70000000000e-05
  +3.80000000000e-05
  +3.90000000000e-05
  +4.00000000000e-05
  +4.10000000000e-05
  +4.20000000000e-05
  +4.30000000000e-05
  +4.40000000000e-05
  +4.50000000000e-05
  +4.60000000000e-05
  +4.70000000000e-05
  +4.80000000000e-05
  +4.90000000000e-05
  +5.00000000000e-05
  +5.10000000000e-05
  +5.20000000000e-05
  +5.30000000000e-05
  +5.40000000000e-05
  +5.50000000000e-05
  +5.60000000000e-05
  +5.70000000000e-05
  +5.80000000000e-05
  +5.90000000000e-05
  +6.00000000000e-05
  +6.10000000000e-05
  +6.20000000000e-05
  +6.30000000000e-05
  +6.40000000000e-05
  +6.50000000000e-05
  +6.60000000000e-05
  +6.70000000000e-05
  +6.80000000000e-05
  +6.90000000000e-05
  +7.00000000000e-05
  +7.10000000000e-05
  +7.20000000000e-05
  +7.30000000000e-05
  +7.40000000000e-05
  +7.50000000000e-05
  +7.60000000000e-05
  +7.70000000000e-05
  +7.80000000000e-05
  +7.90000000000e-05
  +8.00000000000e-05
  +8.10000000000e-05
  +8.20000000000e-05
  +8.30000000000e-05
  +8.40000000000e-05
  +8.50000000000e-05
  +8.60000000000e-05
  +8.70000000000e-05
  +8.80000000000e-05
  +8.90000000000e-05
  +9.00000000000e-05
  +9.10000000000e-05
  +9.20000000000e-05
  +9.30000000000e-05
  +9.40000000000e-05
  +9.50000000000e-05
  +9.60000000000e-05
  +9.70000000000e-05
  +9.80000000000e-05
  +9.90000000000e-05
  +1.00000000000e-04
  +1.01000000000e-04
  +1.02000000000e-04
  +1.03000000000e-04
  +1.04000000000e-04
  +1.05000000000e-04
  +1.06000000000e-04
  +1.07000000000e-04
  +1.08000000000e-04
  +1.09000000000e-04
  +1.10000000000e-04
  +1.11000000000e-04
  +1.12000000000e-04
  +1.13000000000e-04
  +1.14000000000e-04
  +1.15000000000e-04
  +1.16000000000e-04
  +1.17000000000e-04
  +1.18000000000e-04
  +1.19000000000e-04
  +1.20000000000e-04
  +1.21000000000e-04
  +1.22000000000e-04
  +1.23000000000e-04
  +1.24000000000e-04
  +1.25000000000e-04
  +1.26000000000e-04
  +1.27000000000e-04
  +1.28000000000e-04
  +1.29000000000e-04
  +1.30000000000e-04
  +1.31000000000e-04
  +1.32000000000e-04
  +1.33000000000e-04
  +1.34000000000e-04
  +1.35000000000e-04
  +1.36000000000e-04
  +1.37000000000e-04
  +1.38000000000e-04
  +1.39000000000e-04
  +1.40000000000e-04
  +1.41000000000e-04
  +1.42000000000e-04
  +1.43000000000e-04
  +1.44000000000e-04
  +1.45000000000e-04
  +1.46000000000e-04
  +1.47000000000e-04
  +1.48000000000e-04
  +1.49000000000e-04
  +1.50000000000e-04
  +1.51000000000e-04
  +1.52000000000e-04
  +1.53000000000e-04
  +1.54000000000e-04
  +1.55000000000e-04
  +1.56000000000e-04
  +1.57000000000e-04
  +1.58000000000e-04
  +1.59000000000e-04
  +1.60000000000e-04
  +1.61000000000e-04
  +1.62000000000e-04
  +1.63000000000e-04
  +1.64000000000e-04
  +1.65000000000e-04
  +1.66000000000e-04
  +1.67000000000e-04
  +1.68000000000e-04
  +1.69000000000e-04
  +1.70000000000e-04
  +1.71000000000e-04
  +1.72000000000e-04
  +1.73000000000e-04
  +1.74000000000e-04
  +1.75000000000e-04
  +1.76000000000e-04
  +1.77000000000e-04
  +1.78000000000e-04
  +1.79000000000e-04
  +1.80000000000e-04
  +1.81000000000e-04
  +1.82000000000e-04
  +1.83000000000e-04
  +1.84000000000e-04
  +1.85000000000e-04
  +1.86000000000e-04
  +1.87000000000e-04
  +1.88000000000e-04
  +1.89000000000e-04
  +1.90000000000e-04
  +1.91000000000e-04
  +1.92000000000e-04
  +1.93000000000e-04
  +1.94000000000e-04
  +1.95000000000e-04
  +1.96000000000e-04
  +1.97000000000e-04
  +1.98000000000e-04
  +1.99000000000e-04
  +2.00000000000e-04
  +2.01000000000e-04
  +2.02000000000e-04
  +2.03000000000e-04
  +2.04000000000e-04
  +2.05000000000e-04
  +2.06000000000e-04
  +2.07000000000e-04
  +2.08000000000e-04
  +2.09000000000e-04
  +2.10000000000e-04
  +2.11000000000e-04
  +2.12000000000e-04
  +2.13000000000e-04
  +2.14000000000e-04
  +2.15000000000e-04
  +2.16000000000e-04
  +2.17000000000e-04
  +2.18000000000e-04
  +2.19000000000e-04
  +2.20000000000e-04
  +2.21000000000e-04
  +2.22000000000e-04
  +2.23000000000e-04
  +2.24000000000e-04
  +2.25000000000e-04
  +2.26000000000e-04
  +2.27000000000e-04
  +2.28000000000e-04
  +2.29000000000e-04
  +2.30000000000e-04
  +2.31000000000e-04
  +2.32000000000e-04
  +2.33000000000e-04
  +2.34000000000e-04
  +2.35000000000e-04
  +2.36000000000e-04
  +2.37000000000e-04
  +2.38000000000e-04
  +2.39000000000e-04
  +2.40000000000e-04
  +2.41000000000e-04
  +2.42000000000e-04
  +2.43000000000e-04
  +2.44000000000e-04
  +2.45000000000e-04
  +2.46000000000e-04
  +2.47000000000e-04
  +2.48000000000e-04
  +2.49000000000e-04
  +2.50000000000e-04
  +2.51000000000e-04
  +2.52000000000e-04
  +2.53000000000e-04
  +2.54000000000e-04
  +2.55000000000e-04
  +2.56000000000e-04
  +2.57000000000e-04
  +2.58000000000e-04
  +2.59000000000e-04
  +2.60000000000e-04
  +2.61000000000e-04
  +2.62000000000e-04
  +2.63000000000e-04
  +2.64000000000e-04
  +2.65000000000e-04
  +2.66000000000e-04
  +2.67000000000e-04
  +2.68000000000e-04
  +2.69000000000e-04
  +2.70000000000e-04
  +2.71000000000e-04
  +2.72000000000e-04
  +2.73000000000e-04
  +2.74000000000e-04
  +2.75000000000e-04
  +2.76000000000e-04
  +2.77000000000e-04
  +2.78000000000e-04
  +2.79000000000e-04
  +2.80000000000e-04
  +2.81000000000e-04
  +2.82000000000e-04
  +2.83000000000e-04
  +2.84000000000e-04
  +2.85000000000e-04
  +2.86000000000e-04
  +2.87000000000e-04
  +2.88000000000e-04
  +2.89000000000e-04
  +2.90000000000e-04
  +2.91000000000e-04
  +2.92000000000e-04
  +2.93000000000e-04
  +2.94000000000e-04
  +2.95000000000e-04
  +2.96000000000e-04
  +2.97000000000e-04
  +2.98000000000e-04
  +2.99000000000e-04
  +3.00000000000e-04
  +3.01000000000e-04
  +3.02000000000e-04
  +3.03000000000e-04
  +3.04000000000e-04
  +3.05000000000e-04
  +3.06000000000e-04
  +3.07000000000e-04
  +3.08000000000e-04
  +3.09000000000e-04
  +3.10000000000e-04
  +3.11000000000e-04
  +3.12000000000e-04
  +3.13000000000e-04
  +3.14000000000e-04
  +3.15000000000e-04
  +3.16000000000e-04
  +3.17000000000e-04
  +3.18000000000e-04
  +3.19000000000e-04
  +3.20000000000e-04
  +3.21000000000e-04
  +3.22000000000e-04
  +3.23000000000e-04
  +3.24000000000e-04
  +3.25000000000e-04
  +3.26000000000e-04
  +3.27000000000e-04
  +3.28000000000e-04
  +3.29000000000e-04
  +3.30000000000e-04
  +3.31000000000e-04
  +3.32000000000e-04
  +3.33000000000e-04
  +3.34000000000e-04
  +3.35000000000e-04
  +3.36000000000e-04
  +3.37000000000e-04
  +3.38000000000e-04
  +3.39000000000e-04
  +3.40000000000e-04
  +3.41000000000e-04
  +3.42000000000e-04
  +3.43000000000e-04
  +3.44000000000e-04
  +3.45000000000e-04
  +3.46000000000e-04
  +3.47000000000e-04
  +3.48000000000e-04
  +3.49000000000e-04
  +3.50000000000e-04
  +3.51000000000e-04
  +3.52000000000e-04
  +3.53000000000e-04
  +3.54000000000e-04
  +3.55000000000e-04
  +3.56000000000e-04
  +3.57000000000e-04
  +3.58000000000e-04
  +3.59000000000e-04
  +3.60000000000e-04
  +3.61000000000e-04
  +3.62000000000e-04
  +3.63000000000e-04
  +3.64000000000e-04
  +3.65000000000e-04
  +3.66000000000e-04
  +3.67000000000e-04
  +3.68000000000e-04
  +3.69000000000e-04
  +3.70000000000e-04
  +3.71000000000e-04
  +3.72000000000e-04
  +3.73000000000e-04
  +3.74000000000e-04
  +3.75000000000e-04
  +3.76000000000e-04
  +3.77000000000e-04
  +3.78000000000e-04
  +3.79000000000e-04
  +3.80000000000e-04
  +3.81000000000e-04
  +3.82000000000e-04
  +3.83000000000e-04
  +3.84000000000e-04
  +3.85000000000e-04
  +3.86000000000e-04
  +3.87000000000e-04
  +3.88000000000e-04
  +3.89000000000e-04
  +3.90000000000e-04
  +3.91000000000e-04
  +3.92000000000e-04
  +3.93000000000e-04
  +3.94000000000e-04
  +3.95000000000e-04
  +3.96000000000e-04
  +3.97000000000e-04
  +3.98000000000e-04
  +3.99000000000e-04
  +4.00000000000e-04
  +4.01000000000e-04
  +4.02000000000e-04
  +4.03000000000e-04
  +4.04000000000e-04
  +4.05000000000e-04
  +4.06000000000e-04
  +4.07000000000e-04
  +4.08000000000e-04
  +4.09000000000e-04
  +4.10000000000e-04
  +4.11000000000e-04
  +4.12000000000e-04
  +4.13000000000e-04
  +4.14000000000e-04
  +4.15000000000e-04
  +4.16000000000e-04
  +4.17000000000e-04
  +4.18000000000e-04
  +4.19000000000e-04
  +4.20000000000e-04
  +4.21000000000e-04
  +4.22000000000e-04
  +4.23000000000e-04
  +4.24000000000e-04
  +4.25000000000e-04
  +4.26000000000e-04
  +4.27000000000e-04
  +4.28000000000e-04
  +4.29000000000e-04
  +4.30000000000e-04
  +4.31000000000e-04
  +4.32000000000e-04
  +4.33000000000e-04
  +4.34000000000e-04
  +4.35000000000e-04
  +4.36000000000e-04
  +4.37000000000e-04
  +4.38000000000e-04
  +4.39000000000e-04
  +4.40000000000e-04
  +4.41000000000e-04
  +4.42000000000e-04
  +4.43000000000e-04
  +4.44000000000e-04
  +4.45000000000e-04
  +4.46000000000e-04
  +4.47000000000e-04
  +4.48000000000e-04
  +4.49000000000e-04
  +4.50000000000e-04
  +4.51000000000e-04
  +4.52000000000e-04
  +4.53000000000e-04
  +4.54000000000e-04
  +4.55000000000e-04
  +4.56000000000e-04
  +4.57000000000e-04
  +4.58000000000e-04
  +4.59000000000e-04
  +4.60000000000e-04
  +4.61000000000e-04
  +4.62000000000e-04
  +4.63000000000e-04
  +4.64000000000e-04
  +4.65000000000e-04
  +4.66000000000e-04
  +4.67000000000e-04
  +4.68000000000e-04
  +4.69000000000e-04
  +4.70000000000e-04
  +4.71000000000e-04
  +4.72000000000e-04
  +4.73000000000e-04
  +4.74000000000e-04
  +4.75000000000e-04
  +4.76000000000e-04
  +4.77000000000e-04
  +4.78000000000e-04
  +4.79000000000e-04
  +4.80000000000e-04
  +4.81000000000e-04
  +4.82000000000e-04
  +4.83000000000e-04
  +4.84000000000e-04
  +4.85000000000e-04
  +4.86000000000e-04
  +4.87000000000e-04
  +4.88000000000e-04
  +4.89000000000e-04
  +4.90000000000e-04
  +4.91000000000e-04
  +4.92000000000e-04
  +4.93000000000e-04
  +4.94000000000e-04
  +4.95000000000e-04
  +4.96000000000e-04
  +4.97000000000e-04
  +4.98000000000e-04
  +4.99000000000e-04
  +5.00000000000e-04
</indep>
<dep Vc.Vt time>
  +2.99999997000e-13
  +2.99999996985e-09
  +5.99999993940e-09
  +8.99999990865e-09
  +1.19999998776e-08
  +1.49999998462e-08
  +1.79999998146e-08
  +2.09999997826e-08
  +2.39999997504e-08
  +2.69999997178e-08
  +2.99999996850e-08
  +3.29999996518e-08
  +3.59999996184e-08
  +3.89999995846e-08
  +4.19999995506e-08
  +4.49999995162e-08
  +4.79999994816e-08
  +5.09999994466e-08
  +5.39999994114e-08
  +5.69999993758e-08
  +5.99999993400e-08
  +6.29999993038e-08
  +6.59999992674e-08
  +6.89999992306e-08
  +7.19999991936e-08
  +7.49999991562e-08
  +7.79999991186e-08
  +8.09999990806e-08
  +8.39999990424e-08
  +8.69999990038e-08
  +8.99999989650e-08
  +9.29999989258e-08
  +9.59999988864e-08
  +9.89999988466e-08
  +1.01999998807e-07
  +1.04999998766e-07
  +1.07999998726e-07
  +1.10999998685e-07
  +1.13999998643e-07
  +1.16999998602e-07
  +1.19999998560e-07
  +1.22999998518e-07
  +1.25999998475e-07
  +1.28999998433e-07
  +1.31999998390e-07
  +1.34999998346e-07
  +1.37999998303e-07
  +1.40999998259e-07
  +1.43999998214e-07
  +1.46999998170e-07
  +1.49999998125e-07
  +1.52999998080e-07
  +1.55999998034e-07
  +1.58999997989e-07
  +1.61999997943e-07
  +1.64999997896e-07
  +1.67999997850e-07
  +1.70999997803e-07
  +1.73999997755e-07
  +1.76999997708e-07
  +1.79999997660e-07
  +1.82999997612e-07
  +1.85999997563e-07
  +1.88999997515e-07
  +1.91999997466e-07
  +1.94999997416e-07
  +1.97999997367e-07
  +2.00999997317e-07
  +2.03999997266e-07
  +2.06999997216e-07
  +2.09999997165e-07
  +2.12999997114e-07
  +2.15999997062e-07
  +2.18999997011e-07
  +2.21999996959e-07
  +2.24999996906e-07
  +2.27999996854e-07
  +2.30999996801e-07
  +2.33999996747e-07
  +2.36999996694e-07
  +2.39999996640e-07
  +2.42999996586e-07
  +2.45999996531e-07
  +2.48999996477e-07
  +2.51999996422e-07
  +2.54999996366e-07
  +2.57999996311e-07
  +2.60999996255e-07
  +2.63999996198e-07
  +2.66999996142e-07
  +2.69999996085e-07
  +2.72999996028e-07
  +2.75999995970e-07
  +2.78999995913e-07
  +2.81999995855e-07
  +2.84999995796e-07
  +2.87999995738e-07
  +2.90999995679e-07
  +2.93999995619e-07
  +2.96999995560e-07
  +2.99999995500e-07
  +2.70958186930e-02
  +3.25331399606e-01
  +6.20600098822e-01
  +9.12930211296e-01
  +1.20235166448e+00
  +1.48889332337e+00
  +1.77258384243e+00
  +2.05345159100e+00
  +2.33152465614e+00
  +2.60683084544e+00
  +2.87939768980e+00
  +3.14925244619e+00
  +3.41642210035e+00
  +3.68093336954e+00
  +3.94281270513e+00
  +4.20208629534e+00
  +4.45878006779e+00
  +4.71291969212e+00
  +4.96453058255e+00
  +5.21363790042e+00
  +5.46026655673e+00
  +5.70444121460e+00
  +5.94618629173e+00
  +6.18552596288e+00
  +6.42248416227e+00
  +6.65708458596e+00
  +6.88935069423e+00
  +7.11930571392e+00
  +7.34697264078e+00
  +7.57237424173e+00
  +7.79553305717e+00
  +8.01647140319e+00
  +8.23521137387e+00
  +8.45177484341e+00
  +8.66618346840e+00
  +8.87845868992e+00
  +9.08862173569e+00
  +9.29669362225e+00
  +9.50269515699e+00
  +9.70664694028e+00
  +9.90856936750e+00
  +1.01084826311e+01
  +1.03064067226e+01
  +1.05023614347e+01
  +1.06963663629e+01
  +1.08884409081e+01
  +1.10786042777e+01
  +1.12668754885e+01
  +1.14532733676e+01
  +1.16378165551e+01
  +1.18205235055e+01
  +1.20014124896e+01
  +1.21805015966e+01
  +1.23578087355e+01
  +1.25333516372e+01
  +1.27071478562e+01
  +1.28792147723e+01
  +1.30495695924e+01
  +1.32182293521e+01
  +1.33852109175e+01
  +1.35505309871e+01
  +1.37142060929e+01
  +1.38762526027e+01
  +1.40366867212e+01
  +1.41955244921e+01
  +1.43527817993e+01
  +1.45084743686e+01
  +1.46626177695e+01
  +1.48152274166e+01
  +1.49663185708e+01
  +1.51159063415e+01
  +1.52640056876e+01
  +1.54106314192e+01
  +1.55557981990e+01
  +1.56995205439e+01
  +1.58418128262e+01
  +1.59826892753e+01
  +1.61221639789e+01
  +1.62602508848e+01
  +1.63969638017e+01
  +1.65323164011e+01
  +1.66663222184e+01
  +1.67989946542e+01
  +1.69303469760e+01
  +1.70603923191e+01
  +1.71891436882e+01
  +1.73166139586e+01
  +1.74428158774e+01
  +1.75677620649e+01
  +1.76914650159e+01
  +1.78139371009e+01
  +1.79351905670e+01
  +1.80552375399e+01
  +1.81740900244e+01
  +1.82917599057e+01
  +1.84082589510e+01
  +1.85235988104e+01
  +1.86377910180e+01
  +1.87508469930e+01
  +1.88627780412e+01
  +1.89735953558e+01
  +1.90833100186e+01
  +1.91919330013e+01
  +1.92994751663e+01
  +1.94059472678e+01
  +1.95113599532e+01
  +1.96157237638e+01
  +1.97190491363e+01
  +1.98213464031e+01
  +1.99226257941e+01
  +2.00228974374e+01
  +2.01221713603e+01
  +2.02204574902e+01
  +2.03177656558e+01
  +2.04141055881e+01
  +2.05094869211e+01
  +2.06039191932e+01
  +2.06974118475e+01
  +2.07899742335e+01
  +2.08816156075e+01
  +2.09723451337e+01
  +2.10621718853e+01
  +2.11511048448e+01
  +2.12391529058e+01
  +2.13263248731e+01
  +2.14126294641e+01
  +2.14980753092e+01
  +2.15826709531e+01
  +2.16664248555e+01
  +2.17493453919e+01
  +2.18314408544e+01
  +2.19127194526e+01
  +2.19931893145e+01
  +2.20728584871e+01
  +2.21517349374e+01
  +2.22298265533e+01
  +2.23071411438e+01
  +2.23836864406e+01
  +2.24594700982e+01
  +2.25344996951e+01
  +2.26087827344e+01
  +2.26823266444e+01
  +2.27551387795e+01
  +2.28272264211e+01
  +2.28985967780e+01
  +2.29692569874e+01
  +2.30392141152e+01
  +2.31084751573e+01
  +2.31770470399e+01
  +2.32449366203e+01
  +2.33121506873e+01
  +2.33786959626e+01
  +2.34445791008e+01
  +2.35098066901e+01
  +2.35743852534e+01
  +2.36383212487e+01
  +2.37016210697e+01
  +2.37642910463e+01
  +2.38263374456e+01
  +2.38877664723e+01
  +2.39485842695e+01
  +2.40087969188e+01
  +2.40684104418e+01
  +2.41274307997e+01
  +2.41858638947e+01
  +2.42437155701e+01
  +2.43009916112e+01
  +2.43576977456e+01
  +2.44138396441e+01
  +2.44694229208e+01
  +2.45244531341e+01
  +2.45789357871e+01
  +2.46328763282e+01
  +2.46862801514e+01
  +2.47391525971e+01
  +2.47914989528e+01
  +2.48433244530e+01
  +2.48946342804e+01
  +2.49454335660e+01
  +2.49957273898e+01
  +2.50455207812e+01
  +2.50948187197e+01
  +2.51436261349e+01
  +2.51919479079e+01
  +2.52397888706e+01
  +2.52871538075e+01
  +2.53340474548e+01
  +2.53804745022e+01
  +2.54264395922e+01
  +2.54719473216e+01
  +2.55170022410e+01
  +2.55616088561e+01
  +2.56057716275e+01
  +2.56494949716e+01
  +2.56927832608e+01
  +2.57356408239e+01
  +2.57780719466e+01
  +2.58200808723e+01
  +2.58616718018e+01
  +2.59028488942e+01
  +2.59436162673e+01
  +2.59839779979e+01
  +2.60239381222e+01
  +2.60635006362e+01
  +2.61026694963e+01
  +2.61414486193e+01
  +2.61798418833e+01
  +2.62178531275e+01
  +2.62554861532e+01
  +2.62927447236e+01
  +2.63296325647e+01
  +2.63661533654e+01
  +2.64023107776e+01
  +2.64381084173e+01
  +2.64735498641e+01
  +2.65086386624e+01
  +2.65433783209e+01
  +2.65777723137e+01
  +2.66118240803e+01
  +2.66455370258e+01
  +2.66789145215e+01
  +2.67119599053e+01
  +2.67446764818e+01
  +2.67770675225e+01
  +2.68091362668e+01
  +2.68408859214e+01
  +2.68723196613e+01
  +2.69034406300e+01
  +2.69342519396e+01
  +2.69647566713e+01
  +2.69949578755e+01
  +2.70248585724e+01
  +2.70544617522e+01
  +2.70837703751e+01
  +2.71127873721e+01
  +2.71415156448e+01
  +2.71699580662e+01
  +2.71981174805e+01
  +2.72259967037e+01
  +2.72535985237e+01
  +2.72809257008e+01
  +2.73079809676e+01
  +2.73347670298e+01
  +2.73612865660e+01
  +2.73875422281e+01
  +2.74135366418e+01
  +2.74392724065e+01
  +2.74647520958e+01
  +2.74899782577e+01
  +2.75149534149e+01
  +2.75396800649e+01
  +2.75641606804e+01
  +2.75883977094e+01
  +2.76123935758e+01
  +2.76361506791e+01
  +2.76596713950e+01
  +2.76829580757e+01
  +2.77060130498e+01
  +2.77288386228e+01
  +2.77514370774e+01
  +2.77738106735e+01
  +2.77959616483e+01
  +2.78178922170e+01
  +2.78396045727e+01
  +2.78611008866e+01
  +2.78823833085e+01
  +2.79034539665e+01
  +2.79243149678e+01
  +2.79449683984e+01
  +2.79654163238e+01
  +2.79856607887e+01
  +2.80057038176e+01
  +2.80255474149e+01
  +2.80451935649e+01
  +2.80646442323e+01
  +2.80839013621e+01
  +2.81029668801e+01
  +2.81218426928e+01
  +2.81405306879e+01
  +2.81590327342e+01
  +2.81773506818e+01
  +2.81954863626e+01
  +2.82134415903e+01
  +2.82312181602e+01
  +2.82488178502e+01
  +2.82662424202e+01
  +2.82834936126e+01
  +2.83005731527e+01
  +2.83174827483e+01
  +2.83342240904e+01
  +2.83507988533e+01
  +2.83672086944e+01
  +2.83834552546e+01
  +2.83995401588e+01
  +2.84154650153e+01
  +2.84312314167e+01
  +2.84468409397e+01
  +2.84622951451e+01
  +2.84775955785e+01
  +2.84927437699e+01
  +2.85077412341e+01
  +2.85225894709e+01
  +2.85372899652e+01
  +2.85518441869e+01
  +2.85662535916e+01
  +2.85805196202e+01
  +2.85946436993e+01
  +2.86086272413e+01
  +2.86224716446e+01
  +2.86361782937e+01
  +2.86497485592e+01
  +2.86631837982e+01
  +2.86764853542e+01
  +2.86896545574e+01
  +2.87026927247e+01
  +2.87156011600e+01
  +2.87283811540e+01
  +2.87410339849e+01
  +2.87535609178e+01
  +2.87659632056e+01
  +2.87782420885e+01
  +2.87903987943e+01
  +2.88024345387e+01
  +2.88143505254e+01
  +2.88261479459e+01
  +2.88378279800e+01
  +2.88493917958e+01
  +2.88608405495e+01
  +2.88721753861e+01
  +2.88833974391e+01
  +2.88945078307e+01
  +2.89055076719e+01
  +2.89163980628e+01
  +2.89271800924e+01
  +2.89378548389e+01
  +2.89484233698e+01
  +2.89588867420e+01
  +2.89692460018e+01
  +2.89795021851e+01
  +2.89896563176e+01
  +2.89997094147e+01
  +2.90096624817e+01
  +2.90195165140e+01
  +2.90292724969e+01
  +2.90389314060e+01
  +2.90484942073e+01
  +2.90579618571e+01
  +2.90673353021e+01
  +2.90766154796e+01
  +2.90858033178e+01
  +2.90948997353e+01
  +2.91039056419e+01
  +2.91128219382e+01
  +2.91216495157e+01
  +2.91303892573e+01
  +2.91390420369e+01
  +2.91476087199e+01
  +2.91560901628e+01
  +2.91644872139e+01
  +2.91728007129e+01
  +2.91810314911e+01
  +2.91891803716e+01
  +2.91972481693e+01
  +2.92052356910e+01
  +2.92131437355e+01
  +2.92209730935e+01
  +2.92287245481e+01
  +2.92363988743e+01
  +2.92439968396e+01
  +2.92515192038e+01
  +2.92589667192e+01
  +2.92663401305e+01
  +2.92736401751e+01
  +2.92808675829e+01
  +2.92880230768e+01
  +2.92951073722e+01
  +2.93021211776e+01
  +2.93090651945e+01
  +2.93159401172e+01
  +2.93227466332e+01
  +2.93294854231e+01
  +2.93361571609e+01
  +2.93427625138e+01
  +2.93493021422e+01
  +2.93557767002e+01
  +2.93621868351e+01
  +2.93685331882e+01
  +2.93748163938e+01
  +2.93810370805e+01
  +2.93871958703e+01
  +2.93932933790e+01
  +2.93993302164e+01
  +2.94053069863e+01
  +2.94112242862e+01
  +2.94170827080e+01
  +2.94228828374e+01
  +2.94286252546e+01
  +2.94343105336e+01
  +2.94399392432e+01
  +2.94455119461e+01
</dep>
<dep Ic.It time>
  +2.99999997000e-11
  +2.99999996970e-11
  +2.99999996940e-11
  +2.99999996910e-11
  +2.99999996880e-11
  +2.99999996850e-11
  +2.99999996820e-11
  +2.99999996790e-11
  +2.99999996760e-11
  +2.99999996730e-11
  +2.99999996700e-11
  +2.99999996670e-11
  +2.99999996640e-11
  +2.99999996610e-11
  +2.99999996580e-11
  +2.99999996550e-11
  +2.99999996520e-11
  +2.99999996490e-11
  +2.99999996460e-11
  +2.99999996430e-11
  +2.99999996400e-11
  +2.99999996370e-11
  +2.99999996340e-11
  +2.99999996310e-11
  +2.99999996280e-11
  +2.99999996250e-11
  +2.99999996220e-11
  +2.99999996190e-11
  +2.99999996160e-11
  +2.99999996130e-11
  +2.99999996100e-11
  +2.99999996070e-11
  +2.99999996040e-11
  +2.99999996010e-11
  +2.99999995980e-11
  +2.99999995950e-11
  +2.99999995920e-11
  +2.99999995890e-11
  +2.99999995860e-11
  +2.99999995830e-11
  +2.99999995800e-11
  +2.99999995770e-11
  +2.99999995740e-11
  +2.99999995710e-11
  +2.99999995680e-11
  +2.99999995650e-11
  +2.99999995620e-11
  +2.99999995590e-11
  +2.99999995560e-11
  +2.99999995530e-11
  +2.99999995500e-11
  +2.99999995470e-11
  +2.99999995440e-11
  +2.99999995410e-11
  +2.99999995380e-11
  +2.99999995350e-11
  +2.99999995320e-11
  +2.99999995290e-11
  +2.99999995260e-11
  +2.99999995230e-11
  +2.99999995200e-11
  +2.99999995170e-11
  +2.99999995140e-11
  +2.99999995110e-11
  +2.99999995080e-11
  +2.99999995050e-11
  +2.99999995020e-11
  +2.99999994990e-11
  +2.99999994960e-11
  +2.99999994930e-11
  +2.99999994900e-11
  +2.99999994870e-11
  +2.99999994840e-11
  +2.99999994810e-11
  +2.99999994780e-11
  +2.99999994750e-11
  +2.99999994720e-11
  +2.99999994690e-11
  +2.99999994660e-11
  +2.99999994630e-11
  +2.99999994600e-11
  +2.99999994570e-11
  +2.99999994540e-11
  +2.99999994510e-11
  +2.99999994480e-11
  +2.99999994450e-11
  +2.99999994420e-11
  +2.99999994390e-11
  +2.99999994360e-11
  +2.99999994330e-11
  +2.99999994300e-11
  +2.99999994270e-11
  +2.99999994240e-11
  +2.99999994210e-11
  +2.99999994180e-11
  +2.99999994150e-11
  +2.99999994120e-11
  +2.99999994090e-11
  +2.99999994060e-11
  +2.99999994030e-11
  +2.99999994001e-11
  +2.99729047262e-03
  +2.96746691399e-03
  +2.93794004353e-03
  +2.90870703175e-03
  +2.87976488590e-03
  +2.85111071949e-03
  +2.82274166707e-03
  +2.79465489171e-03
  +2.76684758469e-03
  +2.73931696526e-03
  +2.71206028032e-03
  +2.68507480419e-03
  +2.65835783829e-03
  +2.63190671089e-03
  +2.60571877686e-03
  +2.57979141737e-03
  +2.55412203965e-03
  +2.52870807676e-03
  +2.50354698726e-03
  +2.47863625502e-03
  +2.45397338894e-03
  +2.42955592271e-03
  +2.40538141456e-03
  +2.38144744700e-03
  +2.35775162664e-03
  +2.33429158384e-03
  +2.31106497259e-03
  +2.28806947020e-03
  +2.26530277710e-03
  +2.24276261660e-03
  +2.22044673465e-03
  +2.19835289965e-03
  +2.17647890218e-03
  +2.15482255483e-03
  +2.13338169194e-03
  +2.11215416941e-03
  +2.09113786445e-03
  +2.07033067541e-03
  +2.04973052156e-03
  +2.02933534286e-03
  +2.00914309977e-03
  +1.98915177305e-03
  +1.96935936354e-03
  +1.94976389198e-03
  +1.93036339880e-03
  +1.91115594394e-03
  +1.89213960662e-03
  +1.87331248521e-03
  +1.85467269696e-03
  +1.83621837787e-03
  +1.81794768250e-03
  +1.79985878376e-03
  +1.78194987274e-03
  +1.76421915853e-03
  +1.74666486804e-03
  +1.72928524582e-03
  +1.71207855390e-03
  +1.69504307158e-03
  +1.67817709530e-03
  +1.66147893845e-03
  +1.64494693120e-03
  +1.62857942032e-03
  +1.61237476904e-03
  +1.59633135690e-03
  +1.58044757952e-03
  +1.56472184852e-03
  +1.54915259130e-03
  +1.53373825093e-03
  +1.51847728595e-03
  +1.50336817025e-03
  +1.48840939291e-03
  +1.47359945803e-03
  +1.45893688460e-03
  +1.44442020636e-03
  +1.43004797161e-03
  +1.41581874312e-03
  +1.40173109796e-03
  +1.38778362733e-03
  +1.37397493650e-03
  +1.36030364456e-03
  +1.34676838437e-03
  +1.33336780240e-03
  +1.32010055858e-03
  +1.30696532616e-03
  +1.29396079161e-03
  +1.28108565447e-03
  +1.26833862720e-03
  +1.25571843509e-03
  +1.24322381611e-03
  +1.23085352078e-03
  +1.21860631207e-03
  +1.20648096523e-03
  +1.19447626772e-03
  +1.18259101906e-03
  +1.17082403072e-03
  +1.15917412597e-03
  +1.14764013982e-03
  +1.13622091886e-03
  +1.12491532115e-03
  +1.11372221613e-03
  +1.10264048447e-03
  +1.09166901798e-03
  +1.08080671952e-03
  +1.07005250283e-03
  +1.05940529248e-03
  +1.04886402375e-03
  +1.03842764249e-03
  +1.02809510506e-03
  +1.01786537820e-03
  +1.00773743891e-03
  +9.97710274394e-04
  +9.87782881928e-04
  +9.77954268761e-04
  +9.68223452021e-04
  +9.58589458617e-04
  +9.49051325139e-04
  +9.39608097765e-04
  +9.30258832161e-04
  +9.21002593393e-04
  +9.11838455826e-04
  +9.02765503037e-04
  +8.93782827722e-04
  +8.84889531604e-04
  +8.76084725345e-04
  +8.67367528454e-04
  +8.58737069203e-04
  +8.50192484538e-04
  +8.41732919991e-04
  +8.33357529597e-04
  +8.25065475809e-04
  +8.16855929412e-04
  +8.08728069443e-04
  +8.00681083109e-04
  +7.92714165702e-04
  +7.84826520523e-04
  +7.77017358799e-04
  +7.69285899605e-04
  +7.61631369788e-04
  +7.54053003888e-04
  +7.46550044059e-04
  +7.39121739998e-04
  +7.31767348868e-04
  +7.24486135220e-04
  +7.17277370928e-04
  +7.10140335106e-04
  +7.03074314044e-04
  +6.96078601133e-04
  +6.89152496794e-04
  +6.82295308410e-04
  +6.75506350255e-04
  +6.68784943425e-04
  +6.62130415774e-04
  +6.55542101842e-04
  +6.49019342791e-04
  +6.42561486338e-04
  +6.36167886691e-04
  +6.29837904483e-04
  +6.23570906710e-04
  +6.17366266666e-04
  +6.11223363880e-04
  +6.05141584055e-04
  +5.99120319008e-04
  +5.93158966606e-04
  +5.87256930707e-04
  +5.81413621102e-04
  +5.75628453454e-04
  +5.69900849240e-04
  +5.64230235694e-04
  +5.58616045749e-04
  +5.53057717979e-04
  +5.47554696548e-04
  +5.42106431146e-04
  +5.36712376941e-04
  +5.31371994524e-04
  +5.26084749849e-04
  +5.20850114188e-04
  +5.15667564071e-04
  +5.10536581238e-04
  +5.05456652585e-04
  +5.00427270114e-04
  +4.95447930883e-04
  +4.90518136951e-04
  +4.85637395335e-04
  +4.80805217955e-04
  +4.76021121589e-04
  +4.71284627822e-04
  +4.66595263000e-04
  +4.61952558181e-04
  +4.57356049091e-04
  +4.52805276074e-04
  +4.48299784047e-04
  +4.43839122457e-04
  +4.39422845234e-04
  +4.35050510745e-04
  +4.30721681751e-04
  +4.26435925367e-04
  +4.22192813011e-04
  +4.17991920369e-04
  +4.13832827346e-04
  +4.09715118029e-04
  +4.05638380643e-04
  +4.01602207511e-04
  +3.97606195009e-04
  +3.93649943534e-04
  +3.89733057456e-04
  +3.85855145083e-04
  +3.82015818619e-04
  +3.78214694127e-04
  +3.74451391492e-04
  +3.70725534378e-04
  +3.67036750198e-04
  +3.63384670068e-04
  +3.59768928777e-04
  +3.56189164746e-04
  +3.52645019997e-04
  +3.49136140110e-04
  +3.45662174195e-04
  +3.42222774850e-04
  +3.38817598133e-04
  +3.35446303523e-04
  +3.32108553885e-04
  +3.28804015443e-04
  +3.25532357739e-04
  +3.22293253604e-04
  +3.19086379124e-04
  +3.15911413608e-04
  +3.12768039557e-04
  +3.09655942629e-04
  +3.06574811613e-04
  +3.03524338391e-04
  +3.00504217914e-04
  +2.97514148166e-04
  +2.94553830137e-04
  +2.91622967792e-04
  +2.88721268043e-04
  +2.85848440715e-04
  +2.83004198524e-04
  +2.80188257043e-04
  +2.77400334674e-04
  +2.74640152622e-04
  +2.71907434866e-04
  +2.69201908132e-04
  +2.66523301864e-04
  +2.63871348199e-04
  +2.61245781938e-04
  +2.58646340523e-04
  +2.56072764007e-04
  +2.53524795029e-04
  +2.51002178790e-04
  +2.48504663026e-04
  +2.46031997982e-04
  +2.43583936389e-04
  +2.41160233440e-04
  +2.38760646760e-04
  +2.36384936390e-04
  +2.34032864754e-04
  +2.31704196645e-04
  +2.29398699192e-04
  +2.27116141844e-04
  +2.24856296343e-04
  +2.22618936701e-04
  +2.20403839181e-04
  +2.18210782270e-04
  +2.16039546660e-04
  +2.13889915226e-04
  +2.11761673002e-04
  +2.09654607163e-04
  +2.07568506998e-04
  +2.05503163897e-04
  +2.03458371322e-04
  +2.01433924792e-04
  +1.99429621861e-04
  +1.97445262096e-04
  +1.95480647059e-04
  +1.93535580287e-04
  +1.91609867271e-04
  +1.89703315438e-04
  +1.87815734130e-04
  +1.85946934588e-04
  +1.84096729930e-04
  +1.82264935133e-04
  +1.80451367016e-04
  +1.78655844220e-04
  +1.76878187191e-04
  +1.75118218162e-04
  +1.73375761134e-04
  +1.71650641859e-04
  +1.69942687824e-04
  +1.68251728232e-04
  +1.66577593985e-04
  +1.64920117667e-04
  +1.63279133530e-04
  +1.61654477474e-04
  +1.60045987030e-04
  +1.58453501349e-04
  +1.56876861180e-04
  +1.55315908858e-04
  +1.53770488286e-04
  +1.52240444919e-04
  +1.50725625753e-04
  +1.49225879304e-04
  +1.47741055595e-04
  +1.46271006143e-04
  +1.44815583941e-04
  +1.43374643446e-04
  +1.41948040562e-04
  +1.40535632627e-04
  +1.39137278399e-04
  +1.37752838041e-04
  +1.36382173108e-04
  +1.35025146531e-04
  +1.33681622608e-04
  +1.32351466983e-04
  +1.31034546641e-04
  +1.29730729887e-04
  +1.28439886339e-04
  +1.27161886911e-04
  +1.25896603802e-04
  +1.24643910482e-04
  +1.23403681681e-04
  +1.22175793374e-04
  +1.20960122771e-04
  +1.19756548304e-04
  +1.18564949615e-04
  +1.17385207542e-04
  +1.16217204109e-04
  +1.15060822516e-04
  +1.13915947123e-04
  +1.12782463441e-04
  +1.11660258121e-04
  +1.10549218941e-04
  +1.09449234796e-04
  +1.08360195687e-04
  +1.07281992707e-04
  +1.06214518037e-04
  +1.05157664927e-04
  +1.04111327692e-04
  +1.03075401695e-04
  +1.02049783344e-04
  +1.01034370076e-04
  +1.00029060349e-04
  +9.90337536294e-05
  +9.80483503867e-05
  +9.70727520793e-05
  +9.61068611465e-05
  +9.51505809981e-05
  +9.42038160051e-05
  +9.32664714902e-05
  +9.23384537177e-05
  +9.14196698851e-05
  +9.05100281130e-05
  +8.96094374363e-05
  +8.87178077950e-05
  +8.78350500253e-05
  +8.69610758504e-05
  +8.60957978720e-05
  +8.52391295615e-05
  +8.43909852512e-05
  +8.35512801257e-05
  +8.27199302137e-05
  +8.18968523793e-05
  +8.10819643139e-05
  +8.02751845280e-05
  +7.94764323426e-05
  +7.86856278817e-05
  +7.79026920641e-05
  +7.71275465954e-05
  +7.63601139603e-05
  +7.56003174147e-05
  +7.48480809781e-05
  +7.41033294262e-05
  +7.33659882831e-05
  +7.26359838138e-05
  +7.19132430173e-05
  +7.11976936186e-05
  +7.04892640621e-05
  +6.97878835041e-05
  +6.90934818058e-05
  +6.84059895264e-05
  +6.77253379160e-05
  +6.70514589086e-05
  +6.63842851157e-05
  +6.57237498192e-05
  +6.50697869649e-05
  +6.44223311559e-05
  +6.37813176459e-05
  +6.31466823329e-05
  +6.25183617528e-05
  +6.18962930728e-05
  +6.12804140854e-05
  +6.06706632021e-05
  +6.00669794471e-05
  +5.94693024516e-05
  +5.88775724472e-05
  +5.82917302602e-05
  +5.77117173059e-05
  +5.71374755823e-05
  +5.65689476648e-05
  +5.60060766999e-05
  +5.54488063999e-05
</dep>
<dep V1.It time>
  -2.99999997000e-11
  -2.99999996970e-11
  -2.99999996940e-11
  -2.99999996910e-11
  -2.99999996880e-11
  -2.99999996850e-11
  -2.99999996820e-11
  -2.99999996790e-11
  -2.99999996760e-11
  -2.99999996730e-11
  -2.99999996700e-11
  -2.99999996670e-11
  -2.99999996640e-11
  -2.99999996610e-11
  -2.99999996580e-11
  -2.99999996550e-11
  -2.99999996520e-11
  -2.99999996490e-11
  -2.99999996460e-11
  -2.99999996430e-11
  -2.99999996400e-11
  -2.99999996370e-11
  -2.99999996340e-11
  -2.99999996310e-11
  -2.99999996280e-11
  -2.99999996250e-11
  -2.99999996220e-11
  -2.99999996190e-11
  -2.99999996160e-11
  -2.99999996130e-11
  -2.99999996100e-11
  -2.99999996070e-11
  -2.99999996040e-11
  -2.99999996010e-11
  -2.99999995980e-11
  -2.99999995950e-11
  -2.99999995920e-11
  -2.99999995890e-11
  -2.99999995860e-11
  -2.99999995830e-11
  -2.99999995800e-11
  -2.99999995770e-11
  -2.99999995740e-11
  -2.99999995710e-11
  -2.99999995680e-11
  -2.99999995650e-11
  -2.99999995620e-11
  -2.99999995590e-11
  -2.99999995560e-11
  -2.99999995530e-11
  -2.99999995500e-11
  -2.99999995470e-11
  -2.99999995440e-11
  -2.99999995410e-11
  -2.99999995380e-11
  -2.99999995350e-11
  -2.99999995320e-11
  -2.99999995290e-11
  -2.99999995260e-11
  -2.99999995230e-11
  -2.99999995200e-11
  -2.99999995170e-11
  -2.99999995140e-11
  -2.99999995110e-11
  -2.99999995080e-11
  -2.99999995050e-11
  -2.99999995020e-11
  -2.99999994990e-11
  -2.99999994960e-11
  -2.99999994930e-11
  -2.99999994900e-11
  -2.99999994870e-11
  -2.99999994840e-11
  -2.99999994810e-11
  -2.99999994780e-11
  -2.99999994750e-11
  -2.99999994720e-11
  -2.99999994690e-11
  -2.99999994660e-11
  -2.99999994630e-11
  -2.99999994600e-11
  -2.99999994570e-11
  -2.99999994540e-11
  -2.99999994510e-11
  -2.99999994480e-11
  -2.99999994450e-11
  -2.99999994420e-11
  -2.99999994390e-11
  -2.99999994360e-11
  -2.99999994330e-11
  -2.99999994300e-11
  -2.99999994270e-11
  -2.99999994240e-11
  -2.99999994210e-11
  -2.99999994180e-11
  -2.99999994150e-11
  -2.99999994120e-11
  -2.99999994090e-11
  -2.99999994060e-11
  -2.99999994030e-11
  -2.99999994001e-11
  -2.99729047262e-03
  -2.96746691399e-03
  -2.93794004353e-03
  -2.90870703175e-03
  -2.87976488590e-03
  -2.85111071949e-03
  -2.82274166707e-03
  -2.79465489171e-03
  -2.76684758469e-03
  -2.73931696526e-03
  -2.71206028032e-03
  -2.68507480419e-03
  -2.65835783829e-03
  -2.63190671089e-03
  -2.60571877686e-03
  -2.57979141737e-03
  -2.55412203965e-03
  -2.52870807676e-03
  -2.50354698726e-03
  -2.47863625502e-03
  -2.45397338894e-03
  -2.42955592271e-03
  -2.40538141456e-03
  -2.38144744700e-03
  -2.35775162664e-03
  -2.33429158384e-03
  -2.31106497259e-03
  -2.28806947020e-03
  -2.26530277710e-03
  -2.24276261660e-03
  -2.22044673465e-03
  -2.19835289965e-03
  -2.17647890218e-03
  -2.15482255483e-03
  -2.13338169194e-03
  -2.11215416941e-03
  -2.09113786445e-03
  -2.07033067541e-03
  -2.04973052156e-03
  -2.02933534286e-03
  -2.00914309977e-03
  -1.98915177305e-03
  -1.96935936354e-03
  -1.94976389198e-03
  -1.93036339880e-03
  -1.91115594394e-03
  -1.89213960662e-03
  -1.87331248521e-03
  -1.85467269696e-03
  -1.83621837787e-03
  -1.81794768250e-03
  -1.79985878376e-03
  -1.78194987274e-03
  -1.76421915853e-03
  -1.74666486804e-03
  -1.72928524582e-03
  -1.71207855390e-03
  -1.69504307158e-03
  -1.67817709530e-03
  -1.66147893845e-03
  -1.64494693120e-03
  -1.62857942032e-03
  -1.61237476904e-03
  -1.59633135690e-03
  -1.58044757952e-03
  -1.56472184852e-03
  -1.54915259130e-03
  -1.53373825093e-03
  -1.51847728595e-03
  -1.50336817025e-03
  -1.48840939291e-03
  -1.47359945803e-03
  -1.45893688460e-03
  -1.44442020636e-03
  -1.43004797161e-03
  -1.41581874312e-03
  -1.40173109796e-03
  -1.38778362733e-03
  -1.37397493650e-03
  -1.36030364456e-03
  -1.34676838437e-03
  -1.33336780240e-03
  -1.32010055858e-03
  -1.30696532616e-03
  -1.29396079161e-03
  -1.28108565447e-03
  -1.26833862720e-03
  -1.25571843509e-03
  -1.24322381611e-03
  -1.23085352078e-03
  -1.21860631207e-03
  -1.20648096523e-03
  -1.19447626772e-03
  -1.18259101906e-03
  -1.17082403072e-03
  -1.15917412597e-03
  -1.14764013982e-03
  -1.13622091886e-03
  -1.12491532115e-03
  -1.11372221613e-03
  -1.10264048447e-03
  -1.09166901798e-03
  -1.08080671952e-03
  -1.07005250283e-03
  -1.05940529248e-03
  -1.04886402375e-03
  -1.03842764249e-03
  -1.02809510506e-03
  -1.01786537820e-03
  -1.00773743891e-03
  -9.97710274394e-04
  -9.87782881928e-04
  -9.77954268761e-04
  -9.68223452021e-04
  -9.58589458617e-04
  -9.49051325139e-04
  -9.39608097765e-04
  -9.30258832161e-04
  -9.21002593393e-04
  -9.11838455826e-04
  -9.02765503037e-04
  -8.93782827722e-04
  -8.84889531604e-04
  -8.76084725345e-04
  -8.67367528454e-04
  -8.58737069203e-04
  -8.50192484538e-04
  -8.41732919991e-04
  -8.33357529597e-04
  -8.25065475809e-04
  -8.16855929412e-04
  -8.08728069443e-04
  -8.00681083109e-04
  -7.92714165702e-04
  -7.84826520523e-04
  -7.77017358799e-04
  -7.69285899605e-04
  -7.61631369788e-04
  -7.54053003888e-04
  -7.46550044059e-04
  -7.39121739998e-04
  -7.31767348868e-04
  -7.24486135220e-04
  -7.17277370928e-04
  -7.10140335106e-04
  -7.03074314044e-04
  -6.96078601133e-04
  -6.89152496794e-04
  -6.82295308410e-04
  -6.75506350255e-04
  -6.68784943425e-04
  -6.62130415774e-04
  -6.55542101842e-04
  -6.49019342791e-04
  -6.42561486338e-04
  -6.36167886691e-04
  -6.29837904483e-04
  -6.23570906710e-04
  -6.17366266666e-04
  -6.11223363880e-04
  -6.05141584055e-04
  -5.99120319008e-04
  -5.93158966606e-04
  -5.87256930707e-04
  -5.81413621102e-04
  -5.75628453454e-04
  -5.69900849240e-04
  -5.64230235694e-04
  -5.58616045749e-04
  -5.53057717979e-04
  -5.47554696548e-04
  -5.42106431146e-04
  -5.36712376941e-04
  -5.31371994524e-04
  -5.26084749849e-04
  -5.20850114188e-04
  -5.15667564071e-04
  -5.10536581238e-04
  -5.05456652585e-04
  -5.00427270114e-04
  -4.95447930883e-04
  -4.90518136951e-04
  -4.85637395335e-04
  -4.80805217955e-04
  -4.76021121589e-04
  -4.71284627822e-04
  -4.66595263000e-04
  -4.61952558181e-04
  -4.57356049091e-04
  -4.52805276074e-04
  -4.48299784047e-04
  -4.43839122457e-04
  -4.39422845234e-04
  -4.35050510745e-04
  -4.30721681751e-04
  -4.26435925367e-04
  -4.22192813011e-04
  -4.17991920369e-04
  -4.13832827346e-04
  -4.09715118029e-04
  -4.05638380643e-04
  -4.01602207511e-04
  -3.97606195009e-04
  -3.93649943534e-04
  -3.89733057456e-04
  -3.85855145083e-04
  -3.82015818619e-04
  -3.78214694127e-04
  -3.74451391492e-04
  -3.70725534378e-04
  -3.67036750198e-04
  -3.63384670068e-04
  -3.59768928777e-04
  -3.56189164746e-04
  -3.52645019997e-04
  -3.49136140110e-04
  -3.45662174195e-04
  -3.42222774850e-04
  -3.38817598133e-04
  -3.35446303523e-04
  -3.32108553885e-04
  -3.28804015443e-04
  -3.25532357739e-04
  -3.22293253604e-04
  -3.19086379124e-04
  -3.15911413608e-04
  -3.12768039557e-04
  -3.09655942629e-04
  -3.06574811613e-04
  -3.03524338391e-04
  -3.00504217914e-04
  -2.97514148166e-04
  -2.94553830137e-04
  -2.91622967792e-04
  -2.88721268043e-04
  -2.85848440715e-04
  -2.83004198524e-04
  -2.80188257043e-04
  -2.77400334674e-04
  -2.74640152622e-04
  -2.71907434866e-04
  -2.69201908132e-04
  -2.66523301864e-04
  -2.63871348199e-04
  -2.61245781938e-04
  -2.58646340523e-04
  -2.56072764007e-04
  -2.53524795029e-04
  -2.51002178790e-04
  -2.48504663026e-04
  -2.46031997982e-04
  -2.43583936389e-04
  -2.41160233440e-04
  -2.38760646760e-04
  -2.36384936390e-04
  -2.34032864754e-04
  -2.31704196645e-04
  -2.29398699192e-04
  -2.27116141844e-04
  -2.24856296343e-04
  -2.22618936701e-04
  -2.20403839181e-04
  -2.18210782270e-04
  -2.16039546660e-04
  -2.13889915226e-04
  -2.11761673002e-04
  -2.09654607163e-04
  -2.07568506998e-04
  -2.05503163897e-04
  -2.03458371322e-04
  -2.01433924792e-04
  -1.99429621861e-04
  -1.97445262096e-04
  -1.95480647059e-04
  -1.93535580287e-04
  -1.91609867271e-04
  -1.89703315438e-04
  -1.87815734130e-04
  -1.85946934588e-04
  -1.84096729930e-04
  -1.82264935133e-04
  -1.80451367016e-04
  -1.78655844220e-04
  -1.76878187191e-04
  -1.75118218162e-04
  -1.73375761134e-04
  -1.71650641859e-04
  -1.69942687824e-04
  -1.68251728232e-04
  -1.66577593985e-04
  -1.64920117667e-04
  -1.63279133530e-04
  -1.61654477474e-04
  -1.60045987030e-04
  -1.58453501349e-04
  -1.56876861180e-04
  -1.55315908858e-04
  -1.53770488286e-04
  -1.52240444919e-04
  -1.50725625753e-04
  -1.49225879304e-04
  -1.47741055595e-04
  -1.46271006143e-04
  -1.44815583941e-04
  -1.43374643446e-04
  -1.41948040562e-04
  -1.40535632627e-04
  -1.39137278399e-04
  -1.37752838041e-04
  -1.36382173108e-04
  -1.35025146531e-04
  -1.33681622608e-04
  -1.32351466983e-04
  -1.31034546641e-04
  -1.29730729887e-04
  -1.28439886339e-04
  -1.27161886911e-04
  -1.25896603802e-04
  -1.24643910482e-04
  -1.23403681681e-04
  -1.22175793374e-04
  -1.20960122771e-04
  -1.19756548304e-04
  -1.18564949615e-04
  -1.17385207542e-04
  -1.16217204109e-04
  -1.15060822516e-04
  -1.13915947123e-04
  -1.12782463441e-04
  -1.11660258121e-04
  -1.10549218941e-04
  -1.09449234796e-04
  -1.08360195687e-04
  -1.07281992707e-04
  -1.06214518037e-04
  -1.05157664927e-04
  -1.04111327692e-04
  -1.03075401695e-04
  -1.02049783344e-04
  -1.01034370076e-04
  -1.00029060349e-04
  -9.90337536294e-05
  -9.80483503867e-05
  -9.70727520793e-05
  -9.61068611465e-05
  -9.51505809981e-05
  -9.42038160051e-05
  -9.32664714902e-05
  -9.23384537177e-05
  -9.14196698851e-05
  -9.05100281130e-05
  -8.96094374363e-05
  -8.87178077950e-05
  -8.78350500253e-05
  -8.69610758504e-05
  -8.60957978720e-05
  -8.52391295615e-05
  -8.43909852512e-05
  -8.35512801257e-05
  -8.27199302137e-05
  -8.18968523793e-05
  -8.10819643139e-05
  -8.02751845280e-05
  -7.94764323426e-05
  -7.86856278817e-05
  -7.79026920641e-05
  -7.71275465954e-05
  -7.63601139603e-05
  -7.56003174147e-05
  -7.48480809781e-05
  -7.41033294262e-05
  -7.33659882831e-05
  -7.26359838138e-05
  -7.19132430173e-05
  -7.11976936186e-05
  -7.04892640621e-05
  -6.97878835041e-05
  -6.90934818058e-05
  -6.84059895264e-05
  -6.77253379160e-05
  -6.70514589086e-05
  -6.63842851157e-05
  -6.57237498192e-05
  -6.50697869649e-05
  -6.44223311559e-05
  -6.37813176459e-05
  -6.31466823329e-05
  -6.25183617528e-05
  -6.18962930728e-05
  -6.12804140854e-05
  -6.06706632021e-05
  -6.00669794471e-05
  -5.94693024516e-05
  -5.88775724472e-05
  -5.82917302602e-05
  -5.77117173059e-05
  -5.71374755823e-05
  -5.65689476648e-05
  -5.60060766999e-05
  -5.54488063999e-05
</dep>
<dep _net2.Vt time>
  +3.00000297000e-07
  +3.02999996940e-07
  +3.05999996879e-07
  +3.08999996819e-07
  +3.11999996758e-07
  +3.14999996696e-07
  +3.17999996635e-07
  +3.20999996573e-07
  +3.23999996510e-07
  +3.26999996448e-07
  +3.29999996385e-07
  +3.32999996322e-07
  +3.35999996258e-07
  +3.38999996195e-07
  +3.41999996131e-07
  +3.44999996066e-07
  +3.47999996002e-07
  +3.50999995937e-07
  +3.53999995871e-07
  +3.56999995806e-07
  +3.59999995740e-07
  +3.62999995674e-07
  +3.65999995607e-07
  +3.68999995541e-07
  +3.71999995474e-07
  +3.74999995406e-07
  +3.77999995339e-07
  +3.80999995271e-07
  +3.83999995202e-07
  +3.86999995134e-07
  +3.89999995065e-07
  +3.92999994996e-07
  +3.95999994926e-07
  +3.98999994857e-07
  +4.01999994787e-07
  +4.04999994716e-07
  +4.07999994646e-07
  +4.10999994575e-07
  +4.13999994503e-07
  +4.16999994432e-07
  +4.19999994360e-07
  +4.22999994288e-07
  +4.25999994215e-07
  +4.28999994143e-07
  +4.31999994070e-07
  +4.34999993996e-07
  +4.37999993923e-07
  +4.40999993849e-07
  +4.43999993774e-07
  +4.46999993700e-07
  +4.49999993625e-07
  +4.52999993550e-07
  +4.55999993474e-07
  +4.58999993399e-07
  +4.61999993323e-07
  +4.64999993246e-07
  +4.67999993170e-07
  +4.70999993093e-07
  +4.73999993015e-07
  +4.76999992938e-07
  +4.79999992860e-07
  +4.82999992782e-07
  +4.85999992703e-07
  +4.88999992625e-07
  +4.91999992546e-07
  +4.94999992466e-07
  +4.97999992387e-07
  +5.00999992307e-07
  +5.03999992226e-07
  +5.06999992146e-07
  +5.09999992065e-07
  +5.12999991984e-07
  +5.15999991902e-07
  +5.18999991821e-07
  +5.21999991739e-07
  +5.24999991656e-07
  +5.27999991574e-07
  +5.30999991491e-07
  +5.33999991407e-07
  +5.36999991324e-07
  +5.39999991240e-07
  +5.42999991156e-07
  +5.45999991071e-07
  +5.48999990987e-07
  +5.51999990902e-07
  +5.54999990816e-07
  +5.57999990731e-07
  +5.60999990645e-07
  +5.63999990558e-07
  +5.66999990472e-07
  +5.69999990385e-07
  +5.72999990298e-07
  +5.75999990210e-07
  +5.78999990123e-07
  +5.81999990035e-07
  +5.84999989946e-07
  +5.87999989858e-07
  +5.90999989769e-07
  +5.93999989679e-07
  +5.96999989590e-07
  +5.99999989501e-07
  +3.00000005449e+01
  +3.00000005395e+01
  +3.00000005341e+01
  +3.00000005288e+01
  +3.00000005235e+01
  +3.00000005183e+01
  +3.00000005132e+01
  +3.00000005081e+01
  +3.00000005030e+01
  +3.00000004980e+01
  +3.00000004930e+01
  +3.00000004881e+01
  +3.00000004833e+01
  +3.00000004785e+01
  +3.00000004737e+01
  +3.00000004690e+01
  +3.00000004643e+01
  +3.00000004597e+01
  +3.00000004551e+01
  +3.00000004506e+01
  +3.00000004461e+01
  +3.00000004417e+01
  +3.00000004373e+01
  +3.00000004329e+01
  +3.00000004286e+01
  +3.00000004244e+01
  +3.00000004201e+01
  +3.00000004160e+01
  +3.00000004118e+01
  +3.00000004077e+01
  +3.00000004037e+01
  +3.00000003996e+01
  +3.00000003957e+01
  +3.00000003917e+01
  +3.00000003878e+01
  +3.00000003840e+01
  +3.00000003802e+01
  +3.00000003764e+01
  +3.00000003726e+01
  +3.00000003689e+01
  +3.00000003653e+01
  +3.00000003616e+01
  +3.00000003580e+01
  +3.00000003545e+01
  +3.00000003509e+01
  +3.00000003474e+01
  +3.00000003440e+01
  +3.00000003406e+01
  +3.00000003372e+01
  +3.00000003338e+01
  +3.00000003305e+01
  +3.00000003272e+01
  +3.00000003239e+01
  +3.00000003207e+01
  +3.00000003175e+01
  +3.00000003144e+01
  +3.00000003112e+01
  +3.00000003081e+01
  +3.00000003051e+01
  +3.00000003020e+01
  +3.00000002990e+01
  +3.00000002961e+01
  +3.00000002931e+01
  +3.00000002902e+01
  +3.00000002873e+01
  +3.00000002845e+01
  +3.00000002816e+01
  +3.00000002788e+01
  +3.00000002761e+01
  +3.00000002733e+01
  +3.00000002706e+01
  +3.00000002679e+01
  +3.00000002652e+01
  +3.00000002626e+01
  +3.00000002600e+01
  +3.00000002574e+01
  +3.00000002548e+01
  +3.00000002523e+01
  +3.00000002498e+01
  +3.00000002473e+01
  +3.00000002448e+01
  +3.00000002424e+01
  +3.00000002400e+01
  +3.00000002376e+01
  +3.00000002352e+01
  +3.00000002329e+01
  +3.00000002306e+01
  +3.00000002283e+01
  +3.00000002260e+01
  +3.00000002238e+01
  +3.00000002215e+01
  +3.00000002193e+01
  +3.00000002171e+01
  +3.00000002150e+01
  +3.00000002128e+01
  +3.00000002107e+01
  +3.00000002086e+01
  +3.00000002066e+01
  +3.00000002045e+01
  +3.00000002025e+01
  +3.00000002005e+01
  +3.00000001985e+01
  +3.00000001965e+01
  +3.00000001945e+01
  +3.00000001926e+01
  +3.00000001907e+01
  +3.00000001888e+01
  +3.00000001869e+01
  +3.00000001850e+01
  +3.00000001832e+01
  +3.00000001814e+01
  +3.00000001796e+01
  +3.00000001778e+01
  +3.00000001760e+01
  +3.00000001743e+01
  +3.00000001725e+01
  +3.00000001708e+01
  +3.00000001691e+01
  +3.00000001674e+01
  +3.00000001658e+01
  +3.00000001641e+01
  +3.00000001625e+01
  +3.00000001609e+01
  +3.00000001593e+01
  +3.00000001577e+01
  +3.00000001561e+01
  +3.00000001546e+01
  +3.00000001530e+01
  +3.00000001515e+01
  +3.00000001500e+01
  +3.00000001485e+01
  +3.00000001470e+01
  +3.00000001456e+01
  +3.00000001441e+01
  +3.00000001427e+01
  +3.00000001413e+01
  +3.00000001399e+01
  +3.00000001385e+01
  +3.00000001371e+01
  +3.00000001357e+01
  +3.00000001344e+01
  +3.00000001330e+01
  +3.00000001317e+01
  +3.00000001304e+01
  +3.00000001291e+01
  +3.00000001278e+01
  +3.00000001265e+01
  +3.00000001253e+01
  +3.00000001240e+01
  +3.00000001228e+01
  +3.00000001216e+01
  +3.00000001204e+01
  +3.00000001192e+01
  +3.00000001180e+01
  +3.00000001168e+01
  +3.00000001157e+01
  +3.00000001145e+01
  +3.00000001134e+01
  +3.00000001122e+01
  +3.00000001111e+01
  +3.00000001100e+01
  +3.00000001089e+01
  +3.00000001078e+01
  +3.00000001068e+01
  +3.00000001057e+01
  +3.00000001046e+01
  +3.00000001036e+01
  +3.00000001026e+01
  +3.00000001016e+01
  +3.00000001005e+01
  +3.00000000995e+01
  +3.00000000986e+01
  +3.00000000976e+01
  +3.00000000966e+01
  +3.00000000956e+01
  +3.00000000947e+01
  +3.00000000937e+01
  +3.00000000928e+01
  +3.00000000919e+01
  +3.00000000910e+01
  +3.00000000901e+01
  +3.00000000892e+01
  +3.00000000883e+01
  +3.00000000874e+01
  +3.00000000865e+01
  +3.00000000857e+01
  +3.00000000848e+01
  +3.00000000840e+01
  +3.00000000831e+01
  +3.00000000823e+01
  +3.00000000815e+01
  +3.00000000807e+01
  +3.00000000799e+01
  +3.00000000791e+01
  +3.00000000783e+01
  +3.00000000775e+01
  +3.00000000768e+01
  +3.00000000760e+01
  +3.00000000752e+01
  +3.00000000745e+01
  +3.00000000737e+01
  +3.00000000730e+01
  +3.00000000723e+01
  +3.00000000716e+01
  +3.00000000709e+01
  +3.00000000701e+01
  +3.00000000694e+01
  +3.00000000688e+01
  +3.00000000681e+01
  +3.00000000674e+01
  +3.00000000667e+01
  +3.00000000661e+01
  +3.00000000654e+01
  +3.00000000648e+01
  +3.00000000641e+01
  +3.00000000635e+01
  +3.00000000628e+01
  +3.00000000622e+01
  +3.00000000616e+01
  +3.00000000610e+01
  +3.00000000604e+01
  +3.00000000598e+01
  +3.00000000592e+01
  +3.00000000586e+01
  +3.00000000580e+01
  +3.00000000574e+01
  +3.00000000569e+01
  +3.00000000563e+01
  +3.00000000557e+01
  +3.00000000552e+01
  +3.00000000546e+01
  +3.00000000541e+01
  +3.00000000535e+01
  +3.00000000530e+01
  +3.00000000525e+01
  +3.00000000520e+01
  +3.00000000514e+01
  +3.00000000509e+01
  +3.00000000504e+01
  +3.00000000499e+01
  +3.00000000494e+01
  +3.00000000489e+01
  +3.00000000485e+01
  +3.00000000480e+01
  +3.00000000475e+01
  +3.00000000470e+01
  +3.00000000466e+01
  +3.00000000461e+01
  +3.00000000456e+01
  +3.00000000452e+01
  +3.00000000447e+01
  +3.00000000443e+01
  +3.00000000438e+01
  +3.00000000434e+01
  +3.00000000430e+01
  +3.00000000425e+01
  +3.00000000421e+01
  +3.00000000417e+01
  +3.00000000413e+01
  +3.00000000409e+01
  +3.00000000405e+01
  +3.00000000401e+01
  +3.00000000397e+01
  +3.00000000393e+01
  +3.00000000389e+01
  +3.00000000385e+01
  +3.00000000381e+01
  +3.00000000377e+01
  +3.00000000374e+01
  +3.00000000370e+01
  +3.00000000366e+01
  +3.00000000363e+01
  +3.00000000359e+01
  +3.00000000355e+01
  +3.00000000352e+01
  +3.00000000348e+01
  +3.00000000345e+01
  +3.00000000341e+01
  +3.00000000338e+01
  +3.00000000335e+01
  +3.00000000331e+01
  +3.00000000328e+01
  +3.00000000325e+01
  +3.00000000322e+01
  +3.00000000318e+01
  +3.00000000315e+01
  +3.00000000312e+01
  +3.00000000309e+01
  +3.00000000306e+01
  +3.00000000303e+01
  +3.00000000300e+01
  +3.00000000297e+01
  +3.00000000294e+01
  +3.00000000291e+01
  +3.00000000288e+01
  +3.00000000285e+01
  +3.00000000282e+01
  +3.00000000280e+01
  +3.00000000277e+01
  +3.00000000274e+01
  +3.00000000271e+01
  +3.00000000269e+01
  +3.00000000266e+01
  +3.00000000263e+01
  +3.00000000261e+01
  +3.00000000258e+01
  +3.00000000255e+01
  +3.00000000253e+01
  +3.00000000250e+01
  +3.00000000248e+01
  +3.00000000245e+01
  +3.00000000243e+01
  +3.00000000241e+01
  +3.00000000238e+01
  +3.00000000236e+01
  +3.00000000233e+01
  +3.00000000231e+01
  +3.00000000229e+01
  +3.00000000227e+01
  +3.00000000224e+01
  +3.00000000222e+01
  +3.00000000220e+01
  +3.00000000218e+01
  +3.00000000216e+01
  +3.00000000213e+01
  +3.00000000211e+01
  +3.00000000209e+01
  +3.00000000207e+01
  +3.00000000205e+01
  +3.00000000203e+01
  +3.00000000201e+01
  +3.00000000199e+01
  +3.00000000197e+01
  +3.00000000195e+01
  +3.00000000193e+01
  +3.00000000191e+01
  +3.00000000189e+01
  +3.00000000187e+01
  +3.00000000186e+01
  +3.00000000184e+01
  +3.00000000182e+01
  +3.00000000180e+01
  +3.00000000178e+01
  +3.00000000176e+01
  +3.00000000175e+01
  +3.00000000173e+01
  +3.00000000171e+01
  +3.00000000170e+01
  +3.00000000168e+01
  +3.00000000166e+01
  +3.00000000165e+01
  +3.00000000163e+01
  +3.00000000161e+01
  +3.00000000160e+01
  +3.00000000158e+01
  +3.00000000157e+01
  +3.00000000155e+01
  +3.00000000153e+01
  +3.00000000152e+01
  +3.00000000150e+01
  +3.00000000149e+01
  +3.00000000147e+01
  +3.00000000146e+01
  +3.00000000144e+01
  +3.00000000143e+01
  +3.00000000142e+01
  +3.00000000140e+01
  +3.00000000139e+01
  +3.00000000137e+01
  +3.00000000136e+01
  +3.00000000135e+01
  +3.00000000133e+01
  +3.00000000132e+01
  +3.00000000131e+01
  +3.00000000129e+01
  +3.00000000128e+01
  +3.00000000127e+01
  +3.00000000126e+01
  +3.00000000124e+01
  +3.00000000123e+01
  +3.00000000122e+01
  +3.00000000121e+01
  +3.00000000119e+01
  +3.00000000118e+01
  +3.00000000117e+01
  +3.00000000116e+01
  +3.00000000115e+01
  +3.00000000114e+01
  +3.00000000113e+01
  +3.00000000111e+01
  +3.00000000110e+01
  +3.00000000109e+01
  +3.00000000108e+01
  +3.00000000107e+01
  +3.00000000106e+01
  +3.00000000105e+01
  +3.00000000104e+01
  +3.00000000103e+01
  +3.00000000102e+01
  +3.00000000101e+01
</dep>
<dep _net0.Vt time>
  +2.99999997000e-13
  +2.99999996985e-09
  +5.99999993940e-09
  +8.99999990865e-09
  +1.19999998776e-08
  +1.49999998462e-08
  +1.79999998146e-08
  +2.09999997826e-08
  +2.39999997504e-08
  +2.69999997178e-08
  +2.99999996850e-08
  +3.29999996518e-08
  +3.59999996184e-08
  +3.89999995846e-08
  +4.19999995506e-08
  +4.49999995162e-08
  +4.79999994816e-08
  +5.09999994466e-08
  +5.39999994114e-08
  +5.69999993758e-08
  +5.99999993400e-08
  +6.29999993038e-08
  +6.59999992674e-08
  +6.89999992306e-08
  +7.19999991936e-08
  +7.49999991562e-08
  +7.79999991186e-08
  +8.09999990806e-08
  +8.39999990424e-08
  +8.69999990038e-08
  +8.99999989650e-08
  +9.29999989258e-08
  +9.59999988864e-08
  +9.89999988466e-08
  +1.01999998807e-07
  +1.04999998766e-07
  +1.07999998726e-07
  +1.10999998685e-07
  +1.13999998643e-07
  +1.16999998602e-07
  +1.19999998560e-07
  +1.22999998518e-07
  +1.25999998475e-07
  +1.28999998433e-07
  +1.31999998390e-07
  +1.34999998346e-07
  +1.37999998303e-07
  +1.40999998259e-07
  +1.43999998214e-07
  +1.46999998170e-07
  +1.49999998125e-07
  +1.52999998080e-07
  +1.55999998034e-07
  +1.58999997989e-07
  +1.61999997943e-07
  +1.64999997896e-07
  +1.67999997850e-07
  +1.70999997803e-07
  +1.73999997755e-07
  +1.76999997708e-07
  +1.79999997660e-07
  +1.82999997612e-07
  +1.85999997563e-07
  +1.88999997515e-07
  +1.91999997466e-07
  +1.94999997416e-07
  +1.97999997367e-07
  +2.00999997317e-07
  +2.03999997266e-07
  +2.06999997216e-07
  +2.09999997165e-07
  +2.12999997114e-07
  +2.15999997062e-07
  +2.18999997011e-07
  +2.21999996959e-07
  +2.24999996906e-07
  +2.27999996854e-07
  +2.30999996801e-07
  +2.33999996747e-07
  +2.36999996694e-07
  +2.39999996640e-07
  +2.42999996586e-07
  +2.45999996531e-07
  +2.48999996477e-07
  +2.51999996422e-07
  +2.54999996366e-07
  +2.57999996311e-07
  +2.60999996255e-07
  +2.63999996198e-07
  +2.66999996142e-07
  +2.69999996085e-07
  +2.72999996028e-07
  +2.75999995970e-07
  +2.78999995913e-07
  +2.81999995855e-07
  +2.84999995796e-07
  +2.87999995738e-07
  +2.90999995679e-07
  +2.93999995619e-07
  +2.96999995560e-07
  +2.99999995500e-07
  +2.70958186930e-02
  +3.25331399606e-01
  +6.20600098822e-01
  +9.12930211296e-01
  +1.20235166448e+00
  +1.48889332337e+00
  +1.77258384243e+00
  +2.05345159100e+00
  +2.33152465614e+00
  +2.60683084544e+00
  +2.87939768980e+00
  +3.14925244619e+00
  +3.41642210035e+00
  +3.68093336954e+00
  +3.94281270513e+00
  +4.20208629534e+00
  +4.45878006779e+00
  +4.71291969212e+00
  +4.96453058255e+00
  +5.21363790042e+00
  +5.46026655673e+00
  +5.70444121460e+00
  +5.94618629173e+00
  +6.18552596288e+00
  +6.42248416227e+00
  +6.65708458596e+00
  +6.88935069423e+00
  +7.11930571392e+00
  +7.34697264078e+00
  +7.57237424173e+00
  +7.79553305717e+00
  +8.01647140319e+00
  +8.23521137387e+00
  +8.45177484341e+00
  +8.66618346840e+00
  +8.87845868992e+00
  +9.08862173569e+00
  +9.29669362225e+00
  +9.50269515699e+00
  +9.70664694028e+00
  +9.90856936750e+00
  +1.01084826311e+01
  +1.03064067226e+01
  +1.05023614347e+01
  +1.06963663629e+01
  +1.08884409081e+01
  +1.10786042777e+01
  +1.12668754885e+01
  +1.14532733676e+01
  +1.16378165551e+01
  +1.18205235055e+01
  +1.20014124896e+01
  +1.21805015966e+01
  +1.23578087355e+01
  +1.25333516372e+01
  +1.27071478562e+01
  +1.28792147723e+01
  +1.30495695924e+01
  +1.32182293521e+01
  +1.33852109175e+01
  +1.35505309871e+01
  +1.37142060929e+01
  +1.38762526027e+01
  +1.40366867212e+01
  +1.41955244921e+01
  +1.43527817993e+01
  +1.45084743686e+01
  +1.46626177695e+01
  +1.48152274166e+01
  +1.49663185708e+01
  +1.51159063415e+01
  +1.52640056876e+01
  +1.54106314192e+01
  +1.55557981990e+01
  +1.56995205439e+01
  +1.58418128262e+01
  +1.59826892753e+01
  +1.61221639789e+01
  +1.62602508848e+01
  +1.63969638017e+01
  +1.65323164011e+01
  +1.66663222184e+01
  +1.67989946542e+01
  +1.69303469760e+01
  +1.70603923191e+01
  +1.71891436882e+01
  +1.73166139586e+01
  +1.74428158774e+01
  +1.75677620649e+01
  +1.76914650159e+01
  +1.78139371009e+01
  +1.79351905670e+01
  +1.80552375399e+01
  +1.81740900244e+01
  +1.82917599057e+01
  +1.84082589510e+01
  +1.85235988104e+01
  +1.86377910180e+01
  +1.87508469930e+01
  +1.88627780412e+01
  +1.89735953558e+01
  +1.90833100186e+01
  +1.91919330013e+01
  +1.92994751663e+01
  +1.94059472678e+01
  +1.95113599532e+01
  +1.96157237638e+01
  +1.97190491363e+01
  +1.98213464031e+01
  +1.99226257941e+01
  +2.00228974374e+01
  +2.01221713603e+01
  +2.02204574902e+01
  +2.03177656558e+01
  +2.04141055881e+01
  +2.05094869211e+01
  +2.06039191932e+01
  +2.06974118475e+01
  +2.07899742335e+01
  +2.08816156075e+01
  +2.09723451337e+01
  +2.10621718853e+01
  +2.11511048448e+01
  +2.12391529058e+01
  +2.13263248731e+01
  +2.14126294641e+01
  +2.14980753092e+01
  +2.15826709531e+01
  +2.16664248555e+01
  +2.17493453919e+01
  +2.18314408544e+01
  +2.19127194526e+01
  +2.19931893145e+01
  +2.20728584871e+01
  +2.21517349374e+01
  +2.22298265533e+01
  +2.23071411438e+01
  +2.23836864406e+01
  +2.24594700982e+01
  +2.25344996951e+01
  +2.26087827344e+01
  +2.26823266444e+01
  +2.27551387795e+01
  +2.28272264211e+01
  +2.28985967780e+01
  +2.29692569874e+01
  +2.30392141152e+01
  +2.31084751573e+01
  +2.31770470399e+01
  +2.32449366203e+01
  +2.33121506873e+01
  +2.33786959626e+01
  +2.34445791008e+01
  +2.35098066901e+01
  +2.35743852534e+01
  +2.36383212487e+01
  +2.37016210697e+01
  +2.37642910463e+01
  +2.38263374456e+01
  +2.38877664723e+01
  +2.39485842695e+01
  +2.40087969188e+01
  +2.40684104418e+01
  +2.41274307997e+01
  +2.41858638947e+01
  +2.42437155701e+01
  +2.43009916112e+01
  +2.43576977456e+01
  +2.44138396441e+01
  +2.44694229208e+01
  +2.45244531341e+01
  +2.45789357871e+01
  +2.46328763282e+01
  +2.46862801514e+01
  +2.47391525971e+01
  +2.47914989528e+01
  +2.48433244530e+01
  +2.48946342804e+01
  +2.49454335660e+01
  +2.49957273898e+01
  +2.50455207812e+01
  +2.50948187197e+01
  +2.51436261349e+01
  +2.51919479079e+01
  +2.52397888706e+01
  +2.52871538075e+01
  +2.53340474548e+01
  +2.53804745022e+01
  +2.54264395922e+01
  +2.54719473216e+01
  +2.55170022410e+01
  +2.55616088561e+01
  +2.56057716275e+01
  +2.56494949716e+01
  +2.56927832608e+01
  +2.57356408239e+01
  +2.57780719466e+01
  +2.58200808723e+01
  +2.58616718018e+01
  +2.59028488942e+01
  +2.59436162673e+01
  +2.59839779979e+01
  +2.60239381222e+01
  +2.60635006362e+01
  +2.61026694963e+01
  +2.61414486193e+01
  +2.61798418833e+01
  +2.62178531275e+01
  +2.62554861532e+01
  +2.62927447236e+01
  +2.63296325647e+01
  +2.63661533654e+01
  +2.64023107776e+01
  +2.64381084173e+01
  +2.64735498641e+01
  +2.65086386624e+01
  +2.65433783209e+01
  +2.65777723137e+01
  +2.66118240803e+01
  +2.66455370258e+01
  +2.66789145215e+01
  +2.67119599053e+01
  +2.67446764818e+01
  +2.67770675225e+01
  +2.68091362668e+01
  +2.68408859214e+01
  +2.68723196613e+01
  +2.69034406300e+01
  +2.69342519396e+01
  +2.69647566713e+01
  +2.69949578755e+01
  +2.70248585724e+01
  +2.70544617522e+01
  +2.70837703751e+01
  +2.71127873721e+01
  +2.71415156448e+01
  +2.71699580662e+01
  +2.71981174805e+01
  +2.72259967037e+01
  +2.72535985237e+01
  +2.72809257008e+01
  +2.73079809676e+01
  +2.73347670298e+01
  +2.73612865660e+01
  +2.73875422281e+01
  +2.74135366418e+01
  +2.74392724065e+01
  +2.74647520958e+01
  +2.74899782577e+01
  +2.75149534149e+01
  +2.75396800649e+01
  +2.75641606804e+01
  +2.75883977094e+01
  +2.76123935758e+01
  +2.76361506791e+01
  +2.76596713950e+01
  +2.76829580757e+01
  +2.77060130498e+01
  +2.77288386228e+01
  +2.77514370774e+01
  +2.77738106735e+01
  +2.77959616483e+01
  +2.78178922170e+01
  +2.78396045727e+01
  +2.78611008866e+01
  +2.78823833085e+01
  +2.79034539665e+01
  +2.79243149678e+01
  +2.79449683984e+01
  +2.79654163238e+01
  +2.79856607887e+01
  +2.80057038176e+01
  +2.80255474149e+01
  +2.80451935649e+01
  +2.80646442323e+01
  +2.80839013621e+01
  +2.81029668801e+01
  +2.81218426928e+01
  +2.81405306879e+01
  +2.81590327342e+01
  +2.81773506818e+01
  +2.81954863626e+01
  +2.82134415903e+01
  +2.82312181602e+01
  +2.82488178502e+01
  +2.82662424202e+01
  +2.82834936126e+01
  +2.83005731527e+01
  +2.83174827483e+01
  +2.83342240904e+01
  +2.83507988533e+01
  +2.83672086944e+01
  +2.83834552546e+01
  +2.83995401588e+01
  +2.84154650153e+01
  +2.84312314167e+01
  +2.84468409397e+01
  +2.84622951451e+01
  +2.84775955785e+01
  +2.84927437699e+01
  +2.85077412341e+01
  +2.85225894709e+01
  +2.85372899652e+01
  +2.85518441869e+01
  +2.85662535916e+01
  +2.85805196202e+01
  +2.85946436993e+01
  +2.86086272413e+01
  +2.86224716446e+01
  +2.86361782937e+01
  +2.86497485592e+01
  +2.86631837982e+01
  +2.86764853542e+01
  +2.86896545574e+01
  +2.87026927247e+01
  +2.87156011600e+01
  +2.87283811540e+01
  +2.87410339849e+01
  +2.87535609178e+01
  +2.87659632056e+01
  +2.87782420885e+01
  +2.87903987943e+01
  +2.88024345387e+01
  +2.88143505254e+01
  +2.88261479459e+01
  +2.88378279800e+01
  +2.88493917958e+01
  +2.88608405495e+01
  +2.88721753861e+01
  +2.88833974391e+01
  +2.88945078307e+01
  +2.89055076719e+01
  +2.89163980628e+01
  +2.89271800924e+01
  +2.89378548389e+01
  +2.89484233698e+01
  +2.89588867420e+01
  +2.89692460018e+01
  +2.89795021851e+01
  +2.89896563176e+01
  +2.89997094147e+01
  +2.90096624817e+01
  +2.90195165140e+01
  +2.90292724969e+01
  +2.90389314060e+01
  +2.90484942073e+01
  +2.90579618571e+01
  +2.90673353021e+01
  +2.90766154796e+01
  +2.90858033178e+01
  +2.90948997353e+01
  +2.91039056419e+01
  +2.91128219382e+01
  +2.91216495157e+01
  +2.91303892573e+01
  +2.91390420369e+01
  +2.91476087199e+01
  +2.91560901628e+01
  +2.91644872139e+01
  +2.91728007129e+01
  +2.91810314911e+01
  +2.91891803716e+01
  +2.91972481693e+01
  +2.92052356910e+01
  +2.92131437355e+01
  +2.92209730935e+01
  +2.92287245481e+01
  +2.92363988743e+01
  +2.92439968396e+01
  +2.92515192038e+01
  +2.92589667192e+01
  +2.92663401305e+01
  +2.92736401751e+01
  +2.92808675829e+01
  +2.92880230768e+01
  +2.92951073722e+01
  +2.93021211776e+01
  +2.93090651945e+01
  +2.93159401172e+01
  +2.93227466332e+01
  +2.93294854231e+01
  +2.93361571609e+01
  +2.93427625138e+01
  +2.93493021422e+01
  +2.93557767002e+01
  +2.93621868351e+01
  +2.93685331882e+01
  +2.93748163938e+01
  +2.93810370805e+01
  +2.93871958703e+01
  +2.93932933790e+01
  +2.93993302164e+01
  +2.94053069863e+01
  +2.94112242862e+01
  +2.94170827080e+01
  +2.94228828374e+01
  +2.94286252546e+01
  +2.94343105336e+01
  +2.94399392432e+01
  +2.94455119461e+01
</dep>
<dep _net3.Vt time>
  +3.00000000000e+01
  +3.00000000000e+01
  +3.00000000000e+01
  +3.00000000000e+01
  +3.00000000000e+01
  +3.00000000000e+01
  +3.00000000000e+01
  +3.00000000000e+01
  +3.00000000000e+01
  +3.00000000000e+01
  +3.00000000000e+01
  +3.00000000000e+01
  +3.00000000000e+01
  +3.00000000000e+01
  +3.00000000000e+01
  +3.00000000000e+01
  +3.00000000000e+01
  +3.00000000000e+01
  +3.00000000000e+01
  +3.00000000000e+01
  +3.00000000000e+01
  +3.00000000000e+01
  +3.00000000000e+01
  +3.00000000000e+01
  +3.00000000000e+01
  +3.00000000000e+01
  +3.00000000000e+01
  +3.00000000000e+01
  +3.00000000000e+01
  +3.00000000000e+01
  +3.00000000000e+01
  +3.00000000000e+01
  +3.00000000000e+01
  +3.00000000000e+01
  +3.00000000000e+01
  +3.00000000000e+01
  +3.00000000000e+01
  +3.00000000000e+01
  +3.00000000000e+01
  +3.00000000000e+01
  +3.00000000000e+01
  +3.00000000000e+01
  +3.00000000000e+01
  +3.00000000000e+01
  +3.00000000000e+01
  +3.00000000000e+01
  +3.00000000000e+01
  +3.00000000000e+01
  +3.00000000000e+01
  +3.00000000000e+01
  +3.00000000000e+01
  +3.00000000000e+01
  +3.00000000000e+01
  +3.00000000000e+01
  +3.00000000000e+01
  +3.00000000000e+01
  +3.00000000000e+01
  +3.00000000000e+01
  +3.00000000000e+01
  +3.00000000000e+01
  +3.00000000000e+01
  +3.00000000000e+01
  +3.00000000000e+01
  +3.00000000000e+01
  +3.00000000000e+01
  +3.00000000000e+01
  +3.00000000000e+01
  +3.00000000000e+01
  +3.00000000000e+01
  +3.00000000000e+01
  +3.00000000000e+01
  +3.00000000000e+01
  +3.00000000000e+01
  +3.00000000000e+01
  +3.00000000000e+01
  +3.00000000000e+01
  +3.00000000000e+01
  +3.00000000000e+01
  +3.00000000000e+01
  +3.00000000000e+01
  +3.00000000000e+01
  +3.00000000000e+01
  +3.00000000000e+01
  +3.00000000000e+01
  +3.00000000000e+01
  +3.00000000000e+01
  +3.00000000000e+01
  +3.00000000000e+01
  +3.00000000000e+01
  +3.00000000000e+01
  +3.00000000000e+01
  +3.00000000000e+01
  +3.00000000000e+01
  +3.00000000000e+01
  +3.00000000000e+01
  +3.00000000000e+01
  +3.00000000000e+01
  +3.00000000000e+01
  +3.00000000000e+01
  +3.00000000000e+01
  +3.00000000000e+01
  +3.00000000000e+01
  +3.00000000000e+01
  +3.00000000000e+01
  +3.00000000000e+01
  +3.00000000000e+01
  +3.00000000000e+01
  +3.00000000000e+01
  +3.00000000000e+01
  +3.00000000000e+01
  +3.00000000000e+01
  +3.00000000000e+01
  +3.00000000000e+01
  +3.00000000000e+01
  +3.00000000000e+01
  +3.00000000000e+01
  +3.00000000000e+01
  +3.00000000000e+01
  +3.00000000000e+01
  +3.00000000000e+01
  +3.00000000000e+01
  +3.00000000000e+01
  +3.00000000000e+01
  +3.00000000000e+01
  +3.00000000000e+01
  +3.00000000000e+01
  +3.00000000000e+01
  +3.00000000000e+01
  +3.00000000000e+01
  +3.00000000000e+01
  +3.00000000000e+01
  +3.00000000000e+01
  +3.00000000000e+01
  +3.00000000000e+01
  +3.00000000000e+01
  +3.00000000000e+01
  +3.00000000000e+01
  +3.00000000000e+01
  +3.00000000000e+01
  +3.00000000000e+01
  +3.00000000000e+01
  +3.00000000000e+01
  +3.00000000000e+01
  +3.00000000000e+01
  +3.00000000000e+01
  +3.00000000000e+01
  +3.00000000000e+01
  +3.00000000000e+01
  +3.00000000000e+01
  +3.00000000000e+01
  +3.00000000000e+01
  +3.00000000000e+01
  +3.00000000000e+01
  +3.00000000000e+01
  +3.00000000000e+01
  +3.00000000000e+01
  +3.00000000000e+01
  +3.00000000000e+01
  +3.00000000000e+01
  +3.00000000000e+01
  +3.00000000000e+01
  +3.00000000000e+01
  +3.00000000000e+01
  +3.00000000000e+01
  +3.00000000000e+01
  +3.00000000000e+01
  +3.00000000000e+01
  +3.00000000000e+01
  +3.00000000000e+01
  +3.00000000000e+01
  +3.00000000000e+01
  +3.00000000000e+01
  +3.00000000000e+01
  +3.00000000000e+01
  +3.00000000000e+01
  +3.00000000000e+01
  +3.00000000000e+01
  +3.00000000000e+01
  +3.00000000000e+01
  +3.00000000000e+01
  +3.00000000000e+01
  +3.00000000000e+01
  +3.00000000000e+01
  +3.00000000000e+01
  +3.00000000000e+01
  +3.00000000000e+01
  +3.00000000000e+01
  +3.00000000000e+01
  +3.00000000000e+01
  +3.00000000000e+01
  +3.00000000000e+01
  +3.00000000000e+01
  +3.00000000000e+01
  +3.00000000000e+01
  +3.00000000000e+01
  +3.00000000000e+01
  +3.00000000000e+01
  +3.00000000000e+01
  +3.00000000000e+01
  +3.00000000000e+01
  +3.00000000000e+01
  +3.00000000000e+01
  +3.00000000000e+01
  +3.00000000000e+01
  +3.00000000000e+01
  +3.00000000000e+01
  +3.00000000000e+01
  +3.00000000000e+01
  +3.00000000000e+01
  +3.00000000000e+01
  +3.00000000000e+01
  +3.00000000000e+01
  +3.00000000000e+01
  +3.00000000000e+01
  +3.00000000000e+01
  +3.00000000000e+01
  +3.00000000000e+01
  +3.00000000000e+01
  +3.00000000000e+01
  +3.00000000000e+01
  +3.00000000000e+01
  +3.00000000000e+01
  +3.00000000000e+01
  +3.00000000000e+01
  +3.00000000000e+01
  +3.00000000000e+01
  +3.00000000000e+01
  +3.00000000000e+01
  +3.00000000000e+01
  +3.00000000000e+01
  +3.00000000000e+01
  +3.00000000000e+01
  +3.00000000000e+01
  +3.00000000000e+01
  +3.00000000000e+01
  +3.00000000000e+01
  +3.00000000000e+01
  +3.00000000000e+01
  +3.00000000000e+01
  +3.00000000000e+01
  +3.00000000000e+01
  +3.00000000000e+01
  +3.00000000000e+01
  +3.00000000000e+01
  +3.00000000000e+01
  +3.00000000000e+01
  +3.00000000000e+01
  +3.00000000000e+01
  +3.00000000000e+01
  +3.00000000000e+01
  +3.00000000000e+01
  +3.00000000000e+01
  +3.00000000000e+01
  +3.00000000000e+01
  +3.00000000000e+01
  +3.00000000000e+01
  +3.00000000000e+01
  +3.00000000000e+01
  +3.00000000000e+01
  +3.00000000000e+01
  +3.00000000000e+01
  +3.00000000000e+01
  +3.00000000000e+01
  +3.00000000000e+01
  +3.00000000000e+01
  +3.00000000000e+01
  +3.00000000000e+01
  +3.00000000000e+01
  +3.00000000000e+01
  +3.00000000000e+01
  +3.00000000000e+01
  +3.00000000000e+01
  +3.00000000000e+01
  +3.00000000000e+01
  +3.00000000000e+01
  +3.00000000000e+01
  +3.00000000000e+01
  +3.00000000000e+01
  +3.00000000000e+01
  +3.00000000000e+01
  +3.00000000000e+01
  +3.00000000000e+01
  +3.00000000000e+01
  +3.00000000000e+01
  +3.00000000000e+01
  +3.00000000000e+01
  +3.00000000000e+01
  +3.00000000000e+01
  +3.00000000000e+01
  +3.00000000000e+01
  +3.00000000000e+01
  +3.00000000000e+01
  +3.00000000000e+01
  +3.00000000000e+01
  +3.00000000000e+01
  +3.00000000000e+01
  +3.00000000000e+01
  +3.00000000000e+01
  +3.00000000000e+01
  +3.00000000000e+01
  +3.00000000000e+01
  +3.00000000000e+01
  +3.00000000000e+01
  +3.00000000000e+01
  +3.00000000000e+01
  +3.00000000000e+01
  +3.00000000000e+01
  +3.00000000000e+01
  +3.00000000000e+01
  +3.00000000000e+01
  +3.00000000000e+01
  +3.00000000000e+01
  +3.00000000000e+01
  +3.00000000000e+01
  +3.00000000000e+01
  +3.00000000000e+01
  +3.00000000000e+01
  +3.00000000000e+01
  +3.00000000000e+01
  +3.00000000000e+01
  +3.00000000000e+01
  +3.00000000000e+01
  +3.00000000000e+01
  +3.00000000000e+01
  +3.00000000000e+01
  +3.00000000000e+01
  +3.00000000000e+01
  +3.00000000000e+01
  +3.00000000000e+01
  +3.00000000000e+01
  +3.00000000000e+01
  +3.00000000000e+01
  +3.00000000000e+01
  +3.00000000000e+01
  +3.00000000000e+01
  +3.00000000000e+01
  +3.00000000000e+01
  +3.00000000000e+01
  +3.00000000000e+01
  +3.00000000000e+01
  +3.00000000000e+01
  +3.00000000000e+01
  +3.00000000000e+01
  +3.00000000000e+01
  +3.00000000000e+01
  +3.00000000000e+01
  +3.00000000000e+01
  +3.00000000000e+01
  +3.00000000000e+01
  +3.00000000000e+01
  +3.00000000000e+01
  +3.00000000000e+01
  +3.00000000000e+01
  +3.00000000000e+01
  +3.00000000000e+01
  +3.00000000000e+01
  +3.00000000000e+01
  +3.00000000000e+01
  +3.00000000000e+01
  +3.00000000000e+01
  +3.00000000000e+01
  +3.00000000000e+01
  +3.00000000000e+01
  +3.00000000000e+01
  +3.00000000000e+01
  +3.00000000000e+01
  +3.00000000000e+01
  +3.00000000000e+01
  +3.00000000000e+01
  +3.00000000000e+01
  +3.00000000000e+01
  +3.00000000000e+01
  +3.00000000000e+01
  +3.00000000000e+01
  +3.00000000000e+01
  +3.00000000000e+01
  +3.00000000000e+01
  +3.00000000000e+01
  +3.00000000000e+01
  +3.00000000000e+01
  +3.00000000000e+01
  +3.00000000000e+01
  +3.00000000000e+01
  +3.00000000000e+01
  +3.00000000000e+01
  +3.00000000000e+01
  +3.00000000000e+01
  +3.00000000000e+01
  +3.00000000000e+01
  +3.00000000000e+01
  +3.00000000000e+01
  +3.00000000000e+01
  +3.00000000000e+01
  +3.00000000000e+01
  +3.00000000000e+01
  +3.00000000000e+01
  +3.00000000000e+01
  +3.00000000000e+01
  +3.00000000000e+01
  +3.00000000000e+01
  +3.00000000000e+01
  +3.00000000000e+01
  +3.00000000000e+01
  +3.00000000000e+01
  +3.00000000000e+01
  +3.00000000000e+01
  +3.00000000000e+01
  +3.00000000000e+01
  +3.00000000000e+01
  +3.00000000000e+01
  +3.00000000000e+01
  +3.00000000000e+01
  +3.00000000000e+01
  +3.00000000000e+01
  +3.00000000000e+01
  +3.00000000000e+01
  +3.00000000000e+01
  +3.00000000000e+01
  +3.00000000000e+01
  +3.00000000000e+01
  +3.00000000000e+01
  +3.00000000000e+01
  +3.00000000000e+01
  +3.00000000000e+01
  +3.00000000000e+01
  +3.00000000000e+01
  +3.00000000000e+01
  +3.00000000000e+01
  +3.00000000000e+01
  +3.00000000000e+01
  +3.00000000000e+01
  +3.00000000000e+01
  +3.00000000000e+01
  +3.00000000000e+01
  +3.00000000000e+01
  +3.00000000000e+01
  +3.00000000000e+01
  +3.00000000000e+01
  +3.00000000000e+01
  +3.00000000000e+01
  +3.00000000000e+01
  +3.00000000000e+01
  +3.00000000000e+01
  +3.00000000000e+01
  +3.00000000000e+01
  +3.00000000000e+01
  +3.00000000000e+01
  +3.00000000000e+01
  +3.00000000000e+01
  +3.00000000000e+01
  +3.00000000000e+01
  +3.00000000000e+01
  +3.00000000000e+01
  +3.00000000000e+01
  +3.00000000000e+01
  +3.00000000000e+01
  +3.00000000000e+01
  +3.00000000000e+01
  +3.00000000000e+01
  +3.00000000000e+01
  +3.00000000000e+01
  +3.00000000000e+01
  +3.00000000000e+01
  +3.00000000000e+01
  +3.00000000000e+01
  +3.00000000000e+01
  +3.00000000000e+01
  +3.00000000000e+01
  +3.00000000000e+01
  +3.00000000000e+01
  +3.00000000000e+01
  +3.00000000000e+01
  +3.00000000000e+01
  +3.00000000000e+01
  +3.00000000000e+01
  +3.00000000000e+01
  +3.00000000000e+01
  +3.00000000000e+01
  +3.00000000000e+01
  +3.00000000000e+01
  +3.00000000000e+01
  +3.00000000000e+01
  +3.00000000000e+01
  +3.00000000000e+01
  +3.00000000000e+01
  +3.00000000000e+01
  +3.00000000000e+01
  +3.00000000000e+01
  +3.00000000000e+01
  +3.00000000000e+01
  +3.00000000000e+01
  +3.00000000000e+01
  +3.00000000000e+01
  +3.00000000000e+01
  +3.00000000000e+01
  +3.00000000000e+01
  +3.00000000000e+01
  +3.00000000000e+01
  +3.00000000000e+01
  +3.00000000000e+01
  +3.00000000000e+01
</dep>
<dep _net1.Vt time>
  +3.00000297000e-07
  +3.02999996940e-07
  +3.05999996879e-07
  +3.08999996819e-07
  +3.11999996758e-07
  +3.14999996696e-07
  +3.17999996635e-07
  +3.20999996573e-07
  +3.23999996510e-07
  +3.26999996448e-07
  +3.29999996385e-07
  +3.32999996322e-07
  +3.35999996258e-07
  +3.38999996195e-07
  +3.41999996131e-07
  +3.44999996066e-07
  +3.47999996002e-07
  +3.50999995937e-07
  +3.53999995871e-07
  +3.56999995806e-07
  +3.59999995740e-07
  +3.62999995674e-07
  +3.65999995607e-07
  +3.68999995541e-07
  +3.71999995474e-07
  +3.74999995406e-07
  +3.77999995339e-07
  +3.80999995271e-07
  +3.83999995202e-07
  +3.86999995134e-07
  +3.89999995065e-07
  +3.92999994996e-07
  +3.95999994926e-07
  +3.98999994857e-07
  +4.01999994787e-07
  +4.04999994716e-07
  +4.07999994646e-07
  +4.10999994575e-07
  +4.13999994503e-07
  +4.16999994432e-07
  +4.19999994360e-07
  +4.22999994288e-07
  +4.25999994215e-07
  +4.28999994143e-07
  +4.31999994070e-07
  +4.34999993996e-07
  +4.37999993923e-07
  +4.40999993849e-07
  +4.43999993774e-07
  +4.46999993700e-07
  +4.49999993625e-07
  +4.52999993550e-07
  +4.55999993474e-07
  +4.58999993399e-07
  +4.61999993323e-07
  +4.64999993246e-07
  +4.67999993170e-07
  +4.70999993093e-07
  +4.73999993015e-07
  +4.76999992938e-07
  +4.79999992860e-07
  +4.82999992782e-07
  +4.85999992703e-07
  +4.88999992625e-07
  +4.91999992546e-07
  +4.94999992466e-07
  +4.97999992387e-07
  +5.00999992307e-07
  +5.03999992226e-07
  +5.06999992146e-07
  +5.09999992065e-07
  +5.12999991984e-07
  +5.15999991902e-07
  +5.18999991821e-07
  +5.21999991739e-07
  +5.24999991656e-07
  +5.27999991574e-07
  +5.30999991491e-07
  +5.33999991407e-07
  +5.36999991324e-07
  +5.39999991240e-07
  +5.42999991156e-07
  +5.45999991071e-07
  +5.48999990987e-07
  +5.51999990902e-07
  +5.54999990816e-07
  +5.57999990731e-07
  +5.60999990645e-07
  +5.63999990558e-07
  +5.66999990472e-07
  +5.69999990385e-07
  +5.72999990298e-07
  +5.75999990210e-07
  +5.78999990123e-07
  +5.81999990035e-07
  +5.84999989946e-07
  +5.87999989858e-07
  +5.90999989769e-07
  +5.93999989679e-07
  +5.96999989590e-07
  +5.99999989501e-07
  +3.00000005449e+01
  +3.00000005395e+01
  +3.00000005341e+01
  +3.00000005288e+01
  +3.00000005235e+01
  +3.00000005183e+01
  +3.00000005132e+01
  +3.00000005081e+01
  +3.00000005030e+01
  +3.00000004980e+01
  +3.00000004930e+01
  +3.00000004881e+01
  +3.00000004833e+01
  +3.00000004785e+01
  +3.00000004737e+01
  +3.00000004690e+01
  +3.00000004643e+01
  +3.00000004597e+01
  +3.00000004551e+01
  +3.00000004506e+01
  +3.00000004461e+01
  +3.00000004417e+01
  +3.00000004373e+01
  +3.00000004329e+01
  +3.00000004286e+01
  +3.00000004244e+01
  +3.00000004201e+01
  +3.00000004160e+01
  +3.00000004118e+01
  +3.00000004077e+01
  +3.00000004037e+01
  +3.00000003996e+01
  +3.00000003957e+01
  +3.00000003917e+01
  +3.00000003878e+01
  +3.00000003840e+01
  +3.00000003802e+01
  +3.00000003764e+01
  +3.00000003726e+01
  +3.00000003689e+01
  +3.00000003653e+01
  +3.00000003616e+01
  +3.00000003580e+01
  +3.00000003545e+01
  +3.00000003509e+01
  +3.00000003474e+01
  +3.00000003440e+01
  +3.00000003406e+01
  +3.00000003372e+01
  +3.00000003338e+01
  +3.00000003305e+01
  +3.00000003272e+01
  +3.00000003239e+01
  +3.00000003207e+01
  +3.00000003175e+01
  +3.00000003144e+01
  +3.00000003112e+01
  +3.00000003081e+01
  +3.00000003051e+01
  +3.00000003020e+01
  +3.00000002990e+01
  +3.00000002961e+01
  +3.00000002931e+01
  +3.00000002902e+01
  +3.00000002873e+01
  +3.00000002845e+01
  +3.00000002816e+01
  +3.00000002788e+01
  +3.00000002761e+01
  +3.00000002733e+01
  +3.00000002706e+01
  +3.00000002679e+01
  +3.00000002652e+01
  +3.00000002626e+01
  +3.00000002600e+01
  +3.00000002574e+01
  +3.00000002548e+01
  +3.00000002523e+01
  +3.00000002498e+01
  +3.00000002473e+01
  +3.00000002448e+01
  +3.00000002424e+01
  +3.00000002400e+01
  +3.00000002376e+01
  +3.00000002352e+01
  +3.00000002329e+01
  +3.00000002306e+01
  +3.00000002283e+01
  +3.00000002260e+01
  +3.00000002238e+01
  +3.00000002215e+01
  +3.00000002193e+01
  +3.00000002171e+01
  +3.00000002150e+01
  +3.00000002128e+01
  +3.00000002107e+01
  +3.00000002086e+01
  +3.00000002066e+01
  +3.00000002045e+01
  +3.00000002025e+01
  +3.00000002005e+01
  +3.00000001985e+01
  +3.00000001965e+01
  +3.00000001945e+01
  +3.00000001926e+01
  +3.00000001907e+01
  +3.00000001888e+01
  +3.00000001869e+01
  +3.00000001850e+01
  +3.00000001832e+01
  +3.00000001814e+01
  +3.00000001796e+01
  +3.00000001778e+01
  +3.00000001760e+01
  +3.00000001743e+01
  +3.00000001725e+01
  +3.00000001708e+01
  +3.00000001691e+01
  +3.00000001674e+01
  +3.00000001658e+01
  +3.00000001641e+01
  +3.00000001625e+01
  +3.00000001609e+01
  +3.00000001593e+01
  +3.00000001577e+01
  +3.00000001561e+01
  +3.00000001546e+01
  +3.00000001530e+01
  +3.00000001515e+01
  +3.00000001500e+01
  +3.00000001485e+01
  +3.00000001470e+01
  +3.00000001456e+01
  +3.00000001441e+01
  +3.00000001427e+01
  +3.00000001413e+01
  +3.00000001399e+01
  +3.00000001385e+01
  +3.00000001371e+01
  +3.00000001357e+01
  +3.00000001344e+01
  +3.00000001330e+01
  +3.00000001317e+01
  +3.00000001304e+01
  +3.00000001291e+01
  +3.00000001278e+01
  +3.00000001265e+01
  +3.00000001253e+01
  +3.00000001240e+01
  +3.00000001228e+01
  +3.00000001216e+01
  +3.00000001204e+01
  +3.00000001192e+01
  +3.00000001180e+01
  +3.00000001168e+01
  +3.00000001157e+01
  +3.00000001145e+01
  +3.00000001134e+01
  +3.00000001122e+01
  +3.00000001111e+01
  +3.00000001100e+01
  +3.00000001089e+01
  +3.00000001078e+01
  +3.00000001068e+01
  +3.00000001057e+01
  +3.00000001046e+01
  +3.00000001036e+01
  +3.00000001026e+01
  +3.00000001016e+01
  +3.00000001005e+01
  +3.00000000995e+01
  +3.00000000986e+01
  +3.00000000976e+01
  +3.00000000966e+01
  +3.00000000956e+01
  +3.00000000947e+01
  +3.00000000937e+01
  +3.00000000928e+01
  +3.00000000919e+01
  +3.00000000910e+01
  +3.00000000901e+01
  +3.00000000892e+01
  +3.00000000883e+01
  +3.00000000874e+01
  +3.00000000865e+01
  +3.00000000857e+01
  +3.00000000848e+01
  +3.00000000840e+01
  +3.00000000831e+01
  +3.00000000823e+01
  +3.00000000815e+01
  +3.00000000807e+01
  +3.00000000799e+01
  +3.00000000791e+01
  +3.00000000783e+01
  +3.00000000775e+01
  +3.00000000768e+01
  +3.00000000760e+01
  +3.00000000752e+01
  +3.00000000745e+01
  +3.00000000737e+01
  +3.00000000730e+01
  +3.00000000723e+01
  +3.00000000716e+01
  +3.00000000709e+01
  +3.00000000701e+01
  +3.00000000694e+01
  +3.00000000688e+01
  +3.00000000681e+01
  +3.00000000674e+01
  +3.00000000667e+01
  +3.00000000661e+01
  +3.00000000654e+01
  +3.00000000648e+01
  +3.00000000641e+01
  +3.00000000635e+01
  +3.00000000628e+01
  +3.00000000622e+01
  +3.00000000616e+01
  +3.00000000610e+01
  +3.00000000604e+01
  +3.00000000598e+01
  +3.00000000592e+01
  +3.00000000586e+01
  +3.00000000580e+01
  +3.00000000574e+01
  +3.00000000569e+01
  +3.00000000563e+01
  +3.00000000557e+01
  +3.00000000552e+01
  +3.00000000546e+01
  +3.00000000541e+01
  +3.00000000535e+01
  +3.00000000530e+01
  +3.00000000525e+01
  +3.00000000520e+01
  +3.00000000514e+01
  +3.00000000509e+01
  +3.00000000504e+01
  +3.00000000499e+01
  +3.00000000494e+01
  +3.00000000489e+01
  +3.00000000485e+01
  +3.00000000480e+01
  +3.00000000475e+01
  +3.00000000470e+01
  +3.00000000466e+01
  +3.00000000461e+01
  +3.00000000456e+01
  +3.00000000452e+01
  +3.00000000447e+01
  +3.00000000443e+01
  +3.00000000438e+01
  +3.00000000434e+01
  +3.00000000430e+01
  +3.00000000425e+01
  +3.00000000421e+01
  +3.00000000417e+01
  +3.00000000413e+01
  +3.00000000409e+01
  +3.00000000405e+01
  +3.00000000401e+01
  +3.00000000397e+01
  +3.00000000393e+01
  +3.00000000389e+01
  +3.00000000385e+01
  +3.00000000381e+01
  +3.00000000377e+01
  +3.00000000374e+01
  +3.00000000370e+01
  +3.00000000366e+01
  +3.00000000363e+01
  +3.00000000359e+01
  +3.00000000355e+01
  +3.00000000352e+01
  +3.00000000348e+01
  +3.00000000345e+01
  +3.00000000341e+01
  +3.00000000338e+01
  +3.00000000335e+01
  +3.00000000331e+01
  +3.00000000328e+01
  +3.00000000325e+01
  +3.00000000322e+01
  +3.00000000318e+01
  +3.00000000315e+01
  +3.00000000312e+01
  +3.00000000309e+01
  +3.00000000306e+01
  +3.00000000303e+01
  +3.00000000300e+01
  +3.00000000297e+01
  +3.00000000294e+01
  +3.00000000291e+01
  +3.00000000288e+01
  +3.00000000285e+01
  +3.00000000282e+01
  +3.00000000280e+01
  +3.00000000277e+01
  +3.00000000274e+01
  +3.00000000271e+01
  +3.00000000269e+01
  +3.00000000266e+01
  +3.00000000263e+01
  +3.00000000261e+01
  +3.00000000258e+01
  +3.00000000255e+01
  +3.00000000253e+01
  +3.00000000250e+01
  +3.00000000248e+01
  +3.00000000245e+01
  +3.00000000243e+01
  +3.00000000241e+01
  +3.00000000238e+01
  +3.00000000236e+01
  +3.00000000233e+01
  +3.00000000231e+01
  +3.00000000229e+01
  +3.00000000227e+01
  +3.00000000224e+01
  +3.00000000222e+01
  +3.00000000220e+01
  +3.00000000218e+01
  +3.00000000216e+01
  +3.00000000213e+01
  +3.00000000211e+01
  +3.00000000209e+01
  +3.00000000207e+01
  +3.00000000205e+01
  +3.00000000203e+01
  +3.00000000201e+01
  +3.00000000199e+01
  +3.00000000197e+01
  +3.00000000195e+01
  +3.00000000193e+01
  +3.00000000191e+01
  +3.00000000189e+01
  +3.00000000187e+01
  +3.00000000186e+01
  +3.00000000184e+01
  +3.00000000182e+01
  +3.00000000180e+01
  +3.00000000178e+01
  +3.00000000176e+01
  +3.00000000175e+01
  +3.00000000173e+01
  +3.00000000171e+01
  +3.00000000170e+01
  +3.00000000168e+01
  +3.00000000166e+01
  +3.00000000165e+01
  +3.00000000163e+01
  +3.00000000161e+01
  +3.00000000160e+01
  +3.00000000158e+01
  +3.00000000157e+01
  +3.00000000155e+01
  +3.00000000153e+01
  +3.00000000152e+01
  +3.00000000150e+01
  +3.00000000149e+01
  +3.00000000147e+01
  +3.00000000146e+01
  +3.00000000144e+01
  +3.00000000143e+01
  +3.00000000142e+01
  +3.00000000140e+01
  +3.00000000139e+01
  +3.00000000137e+01
  +3.00000000136e+01
  +3.00000000135e+01
  +3.00000000133e+01
  +3.00000000132e+01
  +3.00000000131e+01
  +3.00000000129e+01
  +3.00000000128e+01
  +3.00000000127e+01
  +3.00000000126e+01
  +3.00000000124e+01
  +3.00000000123e+01
  +3.00000000122e+01
  +3.00000000121e+01
  +3.00000000119e+01
  +3.00000000118e+01
  +3.00000000117e+01
  +3.00000000116e+01
  +3.00000000115e+01
  +3.00000000114e+01
  +3.00000000113e+01
  +3.00000000111e+01
  +3.00000000110e+01
  +3.00000000109e+01
  +3.00000000108e+01
  +3.00000000107e+01
  +3.00000000106e+01
  +3.00000000105e+01
  +3.00000000104e+01
  +3.00000000103e+01
  +3.00000000102e+01
  +3.00000000101e+01
</dep>
