<Qucs Dataset 0.0.18>
<indep time 501>
  +0.00000000000e+00
  +5.00000000000e-04
  +1.00000000000e-03
  +1.50000000000e-03
  +2.00000000000e-03
  +2.50000000000e-03
  +3.00000000000e-03
  +3.50000000000e-03
  +4.00000000000e-03
  +4.50000000000e-03
  +5.00000000000e-03
  +5.50000000000e-03
  +6.00000000000e-03
  +6.50000000000e-03
  +7.00000000000e-03
  +7.50000000000e-03
  +8.00000000000e-03
  +8.50000000000e-03
  +9.00000000000e-03
  +9.50000000000e-03
  +1.00000000000e-02
  +1.05000000000e-02
  +1.10000000000e-02
  +1.15000000000e-02
  +1.20000000000e-02
  +1.25000000000e-02
  +1.30000000000e-02
  +1.35000000000e-02
  +1.40000000000e-02
  +1.45000000000e-02
  +1.50000000000e-02
  +1.55000000000e-02
  +1.60000000000e-02
  +1.65000000000e-02
  +1.70000000000e-02
  +1.75000000000e-02
  +1.80000000000e-02
  +1.85000000000e-02
  +1.90000000000e-02
  +1.95000000000e-02
  +2.00000000000e-02
  +2.05000000000e-02
  +2.10000000000e-02
  +2.15000000000e-02
  +2.20000000000e-02
  +2.25000000000e-02
  +2.30000000000e-02
  +2.35000000000e-02
  +2.40000000000e-02
  +2.45000000000e-02
  +2.50000000000e-02
  +2.55000000000e-02
  +2.60000000000e-02
  +2.65000000000e-02
  +2.70000000000e-02
  +2.75000000000e-02
  +2.80000000000e-02
  +2.85000000000e-02
  +2.90000000000e-02
  +2.95000000000e-02
  +3.00000000000e-02
  +3.05000000000e-02
  +3.10000000000e-02
  +3.15000000000e-02
  +3.20000000000e-02
  +3.25000000000e-02
  +3.30000000000e-02
  +3.35000000000e-02
  +3.40000000000e-02
  +3.45000000000e-02
  +3.50000000000e-02
  +3.55000000000e-02
  +3.60000000000e-02
  +3.65000000000e-02
  +3.70000000000e-02
  +3.75000000000e-02
  +3.80000000000e-02
  +3.85000000000e-02
  +3.90000000000e-02
  +3.95000000000e-02
  +4.00000000000e-02
  +4.05000000000e-02
  +4.10000000000e-02
  +4.15000000000e-02
  +4.20000000000e-02
  +4.25000000000e-02
  +4.30000000000e-02
  +4.35000000000e-02
  +4.40000000000e-02
  +4.45000000000e-02
  +4.50000000000e-02
  +4.55000000000e-02
  +4.60000000000e-02
  +4.65000000000e-02
  +4.70000000000e-02
  +4.75000000000e-02
  +4.80000000000e-02
  +4.85000000000e-02
  +4.90000000000e-02
  +4.95000000000e-02
  +5.00000000000e-02
  +5.05000000000e-02
  +5.10000000000e-02
  +5.15000000000e-02
  +5.20000000000e-02
  +5.25000000000e-02
  +5.30000000000e-02
  +5.35000000000e-02
  +5.40000000000e-02
  +5.45000000000e-02
  +5.50000000000e-02
  +5.55000000000e-02
  +5.60000000000e-02
  +5.65000000000e-02
  +5.70000000000e-02
  +5.75000000000e-02
  +5.80000000000e-02
  +5.85000000000e-02
  +5.90000000000e-02
  +5.95000000000e-02
  +6.00000000000e-02
  +6.05000000000e-02
  +6.10000000000e-02
  +6.15000000000e-02
  +6.20000000000e-02
  +6.25000000000e-02
  +6.30000000000e-02
  +6.35000000000e-02
  +6.40000000000e-02
  +6.45000000000e-02
  +6.50000000000e-02
  +6.55000000000e-02
  +6.60000000000e-02
  +6.65000000000e-02
  +6.70000000000e-02
  +6.75000000000e-02
  +6.80000000000e-02
  +6.85000000000e-02
  +6.90000000000e-02
  +6.95000000000e-02
  +7.00000000000e-02
  +7.05000000000e-02
  +7.10000000000e-02
  +7.15000000000e-02
  +7.20000000000e-02
  +7.25000000000e-02
  +7.30000000000e-02
  +7.35000000000e-02
  +7.40000000000e-02
  +7.45000000000e-02
  +7.50000000000e-02
  +7.55000000000e-02
  +7.60000000000e-02
  +7.65000000000e-02
  +7.70000000000e-02
  +7.75000000000e-02
  +7.80000000000e-02
  +7.85000000000e-02
  +7.90000000000e-02
  +7.95000000000e-02
  +8.00000000000e-02
  +8.05000000000e-02
  +8.10000000000e-02
  +8.15000000000e-02
  +8.20000000000e-02
  +8.25000000000e-02
  +8.30000000000e-02
  +8.35000000000e-02
  +8.40000000000e-02
  +8.45000000000e-02
  +8.50000000000e-02
  +8.55000000000e-02
  +8.60000000000e-02
  +8.65000000000e-02
  +8.70000000000e-02
  +8.75000000000e-02
  +8.80000000000e-02
  +8.85000000000e-02
  +8.90000000000e-02
  +8.95000000000e-02
  +9.00000000000e-02
  +9.05000000000e-02
  +9.10000000000e-02
  +9.15000000000e-02
  +9.20000000000e-02
  +9.25000000000e-02
  +9.30000000000e-02
  +9.35000000000e-02
  +9.40000000000e-02
  +9.45000000000e-02
  +9.50000000000e-02
  +9.55000000000e-02
  +9.60000000000e-02
  +9.65000000000e-02
  +9.70000000000e-02
  +9.75000000000e-02
  +9.80000000000e-02
  +9.85000000000e-02
  +9.90000000000e-02
  +9.95000000000e-02
  +1.00000000000e-01
  +1.00500000000e-01
  +1.01000000000e-01
  +1.01500000000e-01
  +1.02000000000e-01
  +1.02500000000e-01
  +1.03000000000e-01
  +1.03500000000e-01
  +1.04000000000e-01
  +1.04500000000e-01
  +1.05000000000e-01
  +1.05500000000e-01
  +1.06000000000e-01
  +1.06500000000e-01
  +1.07000000000e-01
  +1.07500000000e-01
  +1.08000000000e-01
  +1.08500000000e-01
  +1.09000000000e-01
  +1.09500000000e-01
  +1.10000000000e-01
  +1.10500000000e-01
  +1.11000000000e-01
  +1.11500000000e-01
  +1.12000000000e-01
  +1.12500000000e-01
  +1.13000000000e-01
  +1.13500000000e-01
  +1.14000000000e-01
  +1.14500000000e-01
  +1.15000000000e-01
  +1.15500000000e-01
  +1.16000000000e-01
  +1.16500000000e-01
  +1.17000000000e-01
  +1.17500000000e-01
  +1.18000000000e-01
  +1.18500000000e-01
  +1.19000000000e-01
  +1.19500000000e-01
  +1.20000000000e-01
  +1.20500000000e-01
  +1.21000000000e-01
  +1.21500000000e-01
  +1.22000000000e-01
  +1.22500000000e-01
  +1.23000000000e-01
  +1.23500000000e-01
  +1.24000000000e-01
  +1.24500000000e-01
  +1.25000000000e-01
  +1.25500000000e-01
  +1.26000000000e-01
  +1.26500000000e-01
  +1.27000000000e-01
  +1.27500000000e-01
  +1.28000000000e-01
  +1.28500000000e-01
  +1.29000000000e-01
  +1.29500000000e-01
  +1.30000000000e-01
  +1.30500000000e-01
  +1.31000000000e-01
  +1.31500000000e-01
  +1.32000000000e-01
  +1.32500000000e-01
  +1.33000000000e-01
  +1.33500000000e-01
  +1.34000000000e-01
  +1.34500000000e-01
  +1.35000000000e-01
  +1.35500000000e-01
  +1.36000000000e-01
  +1.36500000000e-01
  +1.37000000000e-01
  +1.37500000000e-01
  +1.38000000000e-01
  +1.38500000000e-01
  +1.39000000000e-01
  +1.39500000000e-01
  +1.40000000000e-01
  +1.40500000000e-01
  +1.41000000000e-01
  +1.41500000000e-01
  +1.42000000000e-01
  +1.42500000000e-01
  +1.43000000000e-01
  +1.43500000000e-01
  +1.44000000000e-01
  +1.44500000000e-01
  +1.45000000000e-01
  +1.45500000000e-01
  +1.46000000000e-01
  +1.46500000000e-01
  +1.47000000000e-01
  +1.47500000000e-01
  +1.48000000000e-01
  +1.48500000000e-01
  +1.49000000000e-01
  +1.49500000000e-01
  +1.50000000000e-01
  +1.50500000000e-01
  +1.51000000000e-01
  +1.51500000000e-01
  +1.52000000000e-01
  +1.52500000000e-01
  +1.53000000000e-01
  +1.53500000000e-01
  +1.54000000000e-01
  +1.54500000000e-01
  +1.55000000000e-01
  +1.55500000000e-01
  +1.56000000000e-01
  +1.56500000000e-01
  +1.57000000000e-01
  +1.57500000000e-01
  +1.58000000000e-01
  +1.58500000000e-01
  +1.59000000000e-01
  +1.59500000000e-01
  +1.60000000000e-01
  +1.60500000000e-01
  +1.61000000000e-01
  +1.61500000000e-01
  +1.62000000000e-01
  +1.62500000000e-01
  +1.63000000000e-01
  +1.63500000000e-01
  +1.64000000000e-01
  +1.64500000000e-01
  +1.65000000000e-01
  +1.65500000000e-01
  +1.66000000000e-01
  +1.66500000000e-01
  +1.67000000000e-01
  +1.67500000000e-01
  +1.68000000000e-01
  +1.68500000000e-01
  +1.69000000000e-01
  +1.69500000000e-01
  +1.70000000000e-01
  +1.70500000000e-01
  +1.71000000000e-01
  +1.71500000000e-01
  +1.72000000000e-01
  +1.72500000000e-01
  +1.73000000000e-01
  +1.73500000000e-01
  +1.74000000000e-01
  +1.74500000000e-01
  +1.75000000000e-01
  +1.75500000000e-01
  +1.76000000000e-01
  +1.76500000000e-01
  +1.77000000000e-01
  +1.77500000000e-01
  +1.78000000000e-01
  +1.78500000000e-01
  +1.79000000000e-01
  +1.79500000000e-01
  +1.80000000000e-01
  +1.80500000000e-01
  +1.81000000000e-01
  +1.81500000000e-01
  +1.82000000000e-01
  +1.82500000000e-01
  +1.83000000000e-01
  +1.83500000000e-01
  +1.84000000000e-01
  +1.84500000000e-01
  +1.85000000000e-01
  +1.85500000000e-01
  +1.86000000000e-01
  +1.86500000000e-01
  +1.87000000000e-01
  +1.87500000000e-01
  +1.88000000000e-01
  +1.88500000000e-01
  +1.89000000000e-01
  +1.89500000000e-01
  +1.90000000000e-01
  +1.90500000000e-01
  +1.91000000000e-01
  +1.91500000000e-01
  +1.92000000000e-01
  +1.92500000000e-01
  +1.93000000000e-01
  +1.93500000000e-01
  +1.94000000000e-01
  +1.94500000000e-01
  +1.95000000000e-01
  +1.95500000000e-01
  +1.96000000000e-01
  +1.96500000000e-01
  +1.97000000000e-01
  +1.97500000000e-01
  +1.98000000000e-01
  +1.98500000000e-01
  +1.99000000000e-01
  +1.99500000000e-01
  +2.00000000000e-01
  +2.00500000000e-01
  +2.01000000000e-01
  +2.01500000000e-01
  +2.02000000000e-01
  +2.02500000000e-01
  +2.03000000000e-01
  +2.03500000000e-01
  +2.04000000000e-01
  +2.04500000000e-01
  +2.05000000000e-01
  +2.05500000000e-01
  +2.06000000000e-01
  +2.06500000000e-01
  +2.07000000000e-01
  +2.07500000000e-01
  +2.08000000000e-01
  +2.08500000000e-01
  +2.09000000000e-01
  +2.09500000000e-01
  +2.10000000000e-01
  +2.10500000000e-01
  +2.11000000000e-01
  +2.11500000000e-01
  +2.12000000000e-01
  +2.12500000000e-01
  +2.13000000000e-01
  +2.13500000000e-01
  +2.14000000000e-01
  +2.14500000000e-01
  +2.15000000000e-01
  +2.15500000000e-01
  +2.16000000000e-01
  +2.16500000000e-01
  +2.17000000000e-01
  +2.17500000000e-01
  +2.18000000000e-01
  +2.18500000000e-01
  +2.19000000000e-01
  +2.19500000000e-01
  +2.20000000000e-01
  +2.20500000000e-01
  +2.21000000000e-01
  +2.21500000000e-01
  +2.22000000000e-01
  +2.22500000000e-01
  +2.23000000000e-01
  +2.23500000000e-01
  +2.24000000000e-01
  +2.24500000000e-01
  +2.25000000000e-01
  +2.25500000000e-01
  +2.26000000000e-01
  +2.26500000000e-01
  +2.27000000000e-01
  +2.27500000000e-01
  +2.28000000000e-01
  +2.28500000000e-01
  +2.29000000000e-01
  +2.29500000000e-01
  +2.30000000000e-01
  +2.30500000000e-01
  +2.31000000000e-01
  +2.31500000000e-01
  +2.32000000000e-01
  +2.32500000000e-01
  +2.33000000000e-01
  +2.33500000000e-01
  +2.34000000000e-01
  +2.34500000000e-01
  +2.35000000000e-01
  +2.35500000000e-01
  +2.36000000000e-01
  +2.36500000000e-01
  +2.37000000000e-01
  +2.37500000000e-01
  +2.38000000000e-01
  +2.38500000000e-01
  +2.39000000000e-01
  +2.39500000000e-01
  +2.40000000000e-01
  +2.40500000000e-01
  +2.41000000000e-01
  +2.41500000000e-01
  +2.42000000000e-01
  +2.42500000000e-01
  +2.43000000000e-01
  +2.43500000000e-01
  +2.44000000000e-01
  +2.44500000000e-01
  +2.45000000000e-01
  +2.45500000000e-01
  +2.46000000000e-01
  +2.46500000000e-01
  +2.47000000000e-01
  +2.47500000000e-01
  +2.48000000000e-01
  +2.48500000000e-01
  +2.49000000000e-01
  +2.49500000000e-01
  +2.50000000000e-01
</indep>
<dep Vc.Vt time>
  +1.06382978497e-08
  +5.29096004878e-02
  +1.05259346871e-01
  +1.57055132092e-01
  +2.08302818127e-01
  +2.59008204921e-01
  +3.09177031046e-01
  +3.58814974346e-01
  +4.07927652585e-01
  +4.56520624078e-01
  +5.04599388325e-01
  +5.52169386628e-01
  +5.99236002712e-01
  +6.45804563329e-01
  +6.91880338867e-01
  +7.37468543940e-01
  +7.82574337983e-01
  +8.27202825835e-01
  +8.71359058314e-01
  +9.15048032791e-01
  +9.58274693758e-01
  +1.00104393338e+00
  +1.04336059206e+00
  +1.08522945897e+00
  +1.12665527261e+00
  +1.16764272135e+00
  +1.20819644392e+00
  +1.24832102998e+00
  +1.28802102063e+00
  +1.32730090889e+00
  +1.36616514028e+00
  +1.40461811323e+00
  +1.44266417965e+00
  +1.48030764539e+00
  +1.51755277075e+00
  +1.55440377094e+00
  +1.59086481656e+00
  +1.62694003408e+00
  +1.66263350630e+00
  +1.69794927282e+00
  +1.73289133051e+00
  +1.76746363391e+00
  +1.80167009574e+00
  +1.83551458732e+00
  +1.86900093897e+00
  +1.90213294052e+00
  +1.93491434167e+00
  +1.96734885244e+00
  +1.99944014361e+00
  +2.03119184709e+00
  +2.06260755639e+00
  +2.09369082697e+00
  +2.12444517666e+00
  +2.15487408609e+00
  +2.18498099904e+00
  +2.21476932286e+00
  +2.24424242882e+00
  +2.27340365255e+00
  +2.30225629436e+00
  +2.33080361963e+00
  +2.35904885921e+00
  +2.38699520975e+00
  +2.41464583406e+00
  +2.44200386150e+00
  +2.46907238830e+00
  +2.49585447795e+00
  +2.52235316150e+00
  +2.54857143793e+00
  +2.57451227449e+00
  +2.60017860703e+00
  +2.62557334033e+00
  +2.65069934842e+00
  +2.67555947495e+00
  +2.70015653346e+00
  +2.72449330770e+00
  +2.74857255198e+00
  +2.77239699148e+00
  +2.79596932251e+00
  +2.81929221287e+00
  +2.84236830212e+00
  +2.86520020189e+00
  +2.88779049618e+00
  +2.91014174164e+00
  +2.93225646787e+00
  +2.95413717769e+00
  +2.97578634745e+00
  +2.99720642729e+00
  +3.01839984143e+00
  +3.03936898841e+00
  +3.06011624142e+00
  +3.08064394854e+00
  +3.10095443296e+00
  +3.12104999334e+00
  +3.14093290397e+00
  +3.16060541511e+00
  +3.18006975318e+00
  +3.19932812106e+00
  +3.21838269831e+00
  +3.23723564143e+00
  +3.25588908409e+00
  +3.27434513740e+00
  +3.29260589010e+00
  +3.31067340887e+00
  +3.32854973848e+00
  +3.34623690209e+00
  +3.36373690143e+00
  +3.38105171707e+00
  +3.39818330861e+00
  +3.41513361491e+00
  +3.43190455431e+00
  +3.44849802487e+00
  +3.46491590454e+00
  +3.48116005142e+00
  +3.49723230393e+00
  +3.51313448105e+00
  +3.52886838250e+00
  +3.54443578897e+00
  +3.55983846229e+00
  +3.57507814565e+00
  +3.59015656380e+00
  +3.60507542325e+00
  +3.61983641242e+00
  +3.63444120189e+00
  +3.64889144455e+00
  +3.66318877581e+00
  +3.67733481376e+00
  +3.69133115938e+00
  +3.70517939671e+00
  +3.71888109300e+00
  +3.73243779895e+00
  +3.74585104884e+00
  +3.75912236071e+00
  +3.77225323653e+00
  +3.78524516239e+00
  +3.79809960864e+00
  +3.81081803010e+00
  +3.82340186615e+00
  +3.83585254098e+00
  +3.84817146368e+00
  +3.86036002845e+00
  +3.87241961472e+00
  +3.88435158734e+00
  +3.89615729671e+00
  +3.90783807892e+00
  +3.91939525596e+00
  +3.93083013581e+00
  +3.94214401259e+00
  +3.95333816677e+00
  +3.96441386523e+00
  +3.97537236146e+00
  +3.98621489569e+00
  +3.99694269503e+00
  +4.00755697358e+00
  +4.01805893262e+00
  +4.02844976070e+00
  +4.03873063380e+00
  +4.04890271546e+00
  +4.05896715690e+00
  +4.06892509717e+00
  +4.07877766324e+00
  +4.08852597018e+00
  +4.09817112126e+00
  +4.10771420806e+00
  +4.11715631062e+00
  +4.12649849754e+00
  +4.13574182613e+00
  +4.14488734249e+00
  +4.15393608168e+00
  +4.16288906777e+00
  +4.17174731402e+00
  +4.18051182297e+00
  +4.18918358652e+00
  +4.19776358611e+00
  +4.20625279278e+00
  +4.21465216729e+00
  +4.22296266024e+00
  +4.23118521216e+00
  +4.23932075364e+00
  +4.24737020542e+00
  +4.25533447849e+00
  +4.26321447422e+00
  +4.27101108441e+00
  +4.27872519144e+00
  +4.28635766836e+00
  +4.29390937897e+00
  +4.30138117794e+00
  +4.30877391088e+00
  +4.31608841446e+00
  +4.32332551651e+00
  +4.33048603607e+00
  +4.33757078355e+00
  +4.34458056075e+00
  +4.35151616100e+00
  +4.35837836924e+00
  +4.36516796210e+00
  +4.37188570798e+00
  +4.37853236718e+00
  +4.38510869191e+00
  +4.39161542646e+00
  +4.39805330723e+00
  +4.40442306281e+00
  +4.41072541411e+00
  +4.41696107440e+00
  +4.42313074938e+00
  +4.42923513732e+00
  +4.43527492908e+00
  +4.44125080820e+00
  +4.44716345101e+00
  +4.45301352667e+00
  +4.45880169726e+00
  +4.46452861785e+00
  +4.47019493659e+00
  +4.47580129477e+00
  +4.48134832687e+00
  +4.48683666069e+00
  +4.49226691737e+00
  +4.49763971147e+00
  +4.50295565106e+00
  +4.50821533776e+00
  +4.51341936685e+00
  +4.51856832729e+00
  +4.52366280180e+00
  +4.52870336696e+00
  +4.53369059324e+00
  +4.53862504505e+00
  +4.54350728085e+00
  +4.54833785320e+00
  +4.55311730878e+00
  +4.55784618852e+00
  +4.56252502760e+00
  +4.56715435555e+00
  +4.57173469629e+00
  +4.57626656820e+00
  +4.58075048418e+00
  +4.58518695169e+00
  +4.58957647283e+00
  +4.59391954437e+00
  +4.59821665786e+00
  +4.60246829960e+00
  +4.60667495079e+00
  +4.61083708750e+00
  +4.61495518079e+00
  +4.61902969672e+00
  +4.62306109642e+00
  +4.62704983615e+00
  +4.63099636732e+00
  +4.63490113660e+00
  +4.63876458589e+00
  +4.64258715244e+00
  +4.64636926888e+00
  +4.65011136324e+00
  +4.65381385904e+00
  +4.65747717529e+00
  +4.66110172661e+00
  +4.66468792319e+00
  +4.66823617089e+00
  +4.67174687131e+00
  +4.67522042175e+00
  +4.67865721533e+00
  +4.68205764102e+00
  +4.68542208366e+00
  +4.68875092401e+00
  +4.69204453881e+00
  +4.69530330083e+00
  +4.69852757887e+00
  +4.70171773783e+00
  +4.70487413877e+00
  +4.70799713891e+00
  +4.71108709168e+00
  +4.71414434681e+00
  +4.71716925029e+00
  +4.72016214446e+00
  +4.72312336804e+00
  +4.72605325618e+00
  +4.72895214045e+00
  +4.73182034894e+00
  +4.73465820627e+00
  +4.73746603359e+00
  +4.74024414870e+00
  +4.74299286599e+00
  +4.74571249656e+00
  +4.74840334820e+00
  +4.75106572545e+00
  +4.75369992961e+00
  +4.75630625882e+00
  +4.75888500805e+00
  +4.76143646914e+00
  +4.76396093086e+00
  +4.76645867891e+00
  +4.76892999598e+00
  +4.77137516175e+00
  +4.77379445296e+00
  +4.77618814340e+00
  +4.77855650399e+00
  +4.78089980276e+00
  +4.78321830492e+00
  +4.78551227285e+00
  +4.78778196619e+00
  +4.79002764180e+00
  +4.79224955384e+00
  +4.79444795376e+00
  +4.79662309038e+00
  +4.79877520987e+00
  +4.80090455578e+00
  +4.80301136911e+00
  +4.80509588830e+00
  +4.80715834926e+00
  +4.80919898541e+00
  +4.81121802770e+00
  +4.81321570463e+00
  +4.81519224229e+00
  +4.81714786438e+00
  +4.81908279222e+00
  +4.82099724479e+00
  +4.82289143877e+00
  +4.82476558852e+00
  +4.82661990616e+00
  +4.82845460155e+00
  +4.83026988233e+00
  +4.83206595394e+00
  +4.83384301965e+00
  +4.83560128058e+00
  +4.83734093573e+00
  +4.83906218197e+00
  +4.84076521411e+00
  +4.84245022489e+00
  +4.84411740501e+00
  +4.84576694316e+00
  +4.84739902601e+00
  +4.84901383828e+00
  +4.85061156273e+00
  +4.85219238017e+00
  +4.85375646952e+00
  +4.85530400779e+00
  +4.85683517013e+00
  +4.85835012982e+00
  +4.85984905832e+00
  +4.86133212526e+00
  +4.86279949851e+00
  +4.86425134411e+00
  +4.86568782639e+00
  +4.86710910793e+00
  +4.86851534956e+00
  +4.86990671045e+00
  +4.87128334806e+00
  +4.87264541820e+00
  +4.87399307501e+00
  +4.87532647101e+00
  +4.87664575711e+00
  +4.87795108263e+00
  +4.87924259529e+00
  +4.88052044125e+00
  +4.88178476515e+00
  +4.88303571006e+00
  +4.88427341757e+00
  +4.88549802774e+00
  +4.88670967918e+00
  +4.88790850901e+00
  +4.88909465292e+00
  +4.89026824514e+00
  +4.89142941849e+00
  +4.89257830439e+00
  +4.89371503286e+00
  +4.89483973256e+00
  +4.89595253077e+00
  +4.89705355343e+00
  +4.89814292514e+00
  +4.89922076921e+00
  +4.90028720761e+00
  +4.90134236104e+00
  +4.90238634891e+00
  +4.90341928938e+00
  +4.90444129935e+00
  +4.90545249448e+00
  +4.90645298923e+00
  +4.90744289681e+00
  +4.90842232926e+00
  +4.90939139743e+00
  +4.91035021099e+00
  +4.91129887846e+00
  +4.91223750719e+00
  +4.91316620343e+00
  +4.91408507227e+00
  +4.91499421771e+00
  +4.91589374264e+00
  +4.91678374887e+00
  +4.91766433711e+00
  +4.91853560703e+00
  +4.91939765724e+00
  +4.92025058530e+00
  +4.92109448773e+00
  +4.92192946005e+00
  +4.92275559676e+00
  +4.92357299135e+00
  +4.92438173633e+00
  +4.92518192323e+00
  +4.92597364261e+00
  +4.92675698407e+00
  +4.92753203627e+00
  +4.92829888693e+00
  +4.92905762283e+00
  +4.92980832984e+00
  +4.93055109293e+00
  +4.93128599615e+00
  +4.93201312268e+00
  +4.93273255481e+00
  +4.93344437396e+00
  +4.93414866070e+00
  +4.93484549472e+00
  +4.93553495490e+00
  +4.93621711926e+00
  +4.93689206501e+00
  +4.93755986853e+00
  +4.93822060540e+00
  +4.93887435041e+00
  +4.93952117753e+00
  +4.94016115998e+00
  +4.94079437018e+00
  +4.94142087979e+00
  +4.94204075973e+00
  +4.94265408014e+00
  +4.94326091045e+00
  +4.94386131931e+00
  +4.94445537470e+00
  +4.94504314384e+00
  +4.94562469324e+00
  +4.94620008873e+00
  +4.94676939543e+00
  +4.94733267777e+00
  +4.94788999950e+00
  +4.94844142369e+00
  +4.94898701275e+00
  +4.94952682842e+00
  +4.95006093181e+00
  +4.95058938335e+00
  +4.95111224286e+00
  +4.95162956950e+00
  +4.95214142184e+00
  +4.95264785779e+00
  +4.95314893467e+00
  +4.95364470920e+00
  +4.95413523747e+00
  +4.95462057501e+00
  +4.95510077674e+00
  +4.95557589702e+00
  +4.95604598961e+00
  +4.95651110771e+00
  +4.95697130396e+00
  +4.95742663046e+00
  +4.95787713872e+00
  +4.95832287974e+00
  +4.95876390396e+00
  +4.95920026129e+00
  +4.95963200112e+00
  +4.96005917231e+00
  +4.96048182321e+00
  +4.96090000165e+00
  +4.96131375495e+00
  +4.96172312995e+00
  +4.96212817297e+00
  +4.96252892985e+00
  +4.96292544596e+00
  +4.96331776616e+00
  +4.96370593486e+00
  +4.96408999598e+00
  +4.96446999300e+00
  +4.96484596892e+00
  +4.96521796629e+00
  +4.96558602721e+00
  +4.96595019334e+00
  +4.96631050588e+00
  +4.96666700563e+00
  +4.96701973292e+00
  +4.96736872768e+00
  +4.96771402940e+00
  +4.96805567716e+00
  +4.96839370964e+00
  +4.96872816507e+00
  +4.96905908133e+00
  +4.96938649585e+00
  +4.96971044570e+00
  +4.97003096753e+00
  +4.97034809763e+00
  +4.97066187188e+00
  +4.97097232579e+00
  +4.97127949450e+00
  +4.97158341277e+00
  +4.97188411501e+00
  +4.97218163523e+00
  +4.97247600712e+00
  +4.97276726399e+00
  +4.97305543879e+00
  +4.97334056416e+00
  +4.97362267234e+00
  +4.97390179528e+00
  +4.97417796456e+00
  +4.97445121144e+00
  +4.97472156684e+00
  +4.97498906136e+00
  +4.97525372527e+00
  +4.97551558853e+00
</dep>
<dep POR.Vt time>
  +2.74987515585e+00
  +2.74981656840e+00
  +2.74973158444e+00
  +2.74960881196e+00
  +2.74943216292e+00
  +2.74917901165e+00
  +2.74881767080e+00
  +2.74830394883e+00
  +2.74757647986e+00
  +2.74655042510e+00
  +2.74510903411e+00
  +2.74309242564e+00
  +2.74028281051e+00
  +2.73638525307e+00
  +2.73100299702e+00
  +2.72360644707e+00
  +2.71349524335e+00
  +2.69975372640e+00
  +2.68120182604e+00
  +2.65634650507e+00
  +2.62334389502e+00
  +2.57998951216e+00
  +2.52376295194e+00
  +2.45196181727e+00
  +2.36196161216e+00
  +2.25162430003e+00
  +2.11983739331e+00
  +1.96709491400e+00
  +1.79595066518e+00
  +1.61113215337e+00
  +1.41915910702e+00
  +1.22747939497e+00
  +1.04334518894e+00
  +8.72774002792e-01
  +7.19889687268e-01
  +5.86756215837e-01
  +4.73624112574e-01
  +3.79405282725e-01
  +3.02193502670e-01
  +2.39710376308e-01
  +1.89627565881e-01
  +1.49766236494e-01
  +1.18198863717e-01
  +9.32840406074e-02
  +7.36608212412e-02
  +5.82219896148e-02
  +4.60788460930e-02
  +3.65248835400e-02
  +2.90021821664e-02
  +2.30721573200e-02
  +1.83910447405e-02
  +1.46898639077e-02
  +1.17583178930e-02
  +9.43200732106e-03
  +7.58235819969e-03
  +6.10873128543e-03
  +4.93226301279e-03
  +3.99106891385e-03
  +3.23651276626e-03
  +2.63030604587e-03
  +2.14225263948e-03
  +1.74849428907e-03
  +1.43014436329e-03
  +1.17222277543e-03
  +9.62824541198e-04
  +7.92469745068e-04
  +6.53594509851e-04
  +5.40151702649e-04
  +4.47297165402e-04
  +3.71142703402e-04
  +3.08561268512e-04
  +2.57033020475e-04
  +2.14523459604e-04
  +1.79386766599e-04
  +1.50288990441e-04
  +1.26146893335e-04
  +1.06079169443e-04
  +8.93674607068e-05
  +7.54251439722e-05
  +6.37722938944e-05
  +5.40155626765e-05
  +4.58319815164e-05
  +3.89558957153e-05
  +3.31684082867e-05
  +2.82888352246e-05
  +2.41677768629e-05
  +2.06814898439e-05
  +1.77273076217e-05
  +1.52199077540e-05
  +1.30882642327e-05
  +1.12731549387e-05
  +9.72511970592e-06
  +8.40278477412e-06
  +7.27148563450e-06
  +6.30213330118e-06
  +5.47027948169e-06
  +4.75534452700e-06
  +4.13997882132e-06
  +3.60953371921e-06
  +3.15162256766e-06
  +2.75575591809e-06
  +2.41303793279e-06
  +2.11591333953e-06
  +1.85795621103e-06
  +1.63369339563e-06
  +1.43845669750e-06
  +1.26825895631e-06
  +1.11969000320e-06
  +9.89829193853e-07
  +8.76171764269e-07
  +7.76566749862e-07
  +6.89164570402e-07
  +6.12372724899e-07
  +5.44818285785e-07
  +4.85316110103e-07
  +4.32841859320e-07
  +3.86509070854e-07
  +3.45549647605e-07
  +3.09297237866e-07
  +2.77173053694e-07
  +2.48673760033e-07
  +2.23361117656e-07
  +2.00853115313e-07
  +1.80816365876e-07
  +1.62959582770e-07
  +1.47027972163e-07
  +1.32798409400e-07
  +1.20075283316e-07
  +1.08686915118e-07
  +9.84824639702e-08
  +8.93292540693e-08
  +8.11104622845e-08
  +7.37231144254e-08
  +6.70763483156e-08
  +6.10899047350e-08
  +5.56928178748e-08
  +5.08222759007e-08
  +4.64226256570e-08
  +4.24445100367e-08
  +3.88441105218e-08
  +3.55824890794e-08
  +3.26250093371e-08
  +2.99408340277e-08
  +2.75024793436e-08
  +2.52854300778e-08
  +2.32677970843e-08
  +2.14300176764e-08
  +1.97545932874e-08
  +1.82258578377e-08
  +1.68297717735e-08
  +1.55537437235e-08
  +1.43864700416e-08
  +1.33177948956e-08
  +1.23385858084e-08
  +1.14406236578e-08
  +1.06165047538e-08
  +9.85955484342e-09
  +9.16375164331e-09
  +8.52365746028e-09
  +7.93435833840e-09
  +7.39140960196e-09
  +6.89078770677e-09
  +6.42884897825e-09
  +6.00228882970e-09
  +5.60811004841e-09
  +5.24359137554e-09
  +4.90625952768e-09
  +4.59386570528e-09
  +4.30436398253e-09
  +4.03589083312e-09
  +3.78674779864e-09
  +3.55538658466e-09
  +3.34039403932e-09
  +3.14047876652e-09
  +2.95446173306e-09
  +2.78126409017e-09
  +2.61989855896e-09
  +2.46946127180e-09
  +2.32912371628e-09
  +2.19812627291e-09
  +2.07577207586e-09
  +1.96142086775e-09
  +1.85448494961e-09
  +1.75442384435e-09
  +1.66073978656e-09
  +1.57297553989e-09
  +1.49070933669e-09
  +1.41355241711e-09
  +1.34114671208e-09
  +1.27316173370e-09
  +1.20929188814e-09
  +1.14925542329e-09
  +1.09279163039e-09
  +1.03965905604e-09
  +9.89635007975e-10
  +9.42512685763e-10
  +8.98100826021e-10
  +8.56221868444e-10
  +8.16711404370e-10
  +7.79416444647e-10
  +7.44195261608e-10
  +7.10916352384e-10
  +6.79457438894e-10
  +6.49704193968e-10
  +6.21550829915e-10
  +5.94898577326e-10
  +5.69656017521e-10
  +5.45737304346e-10
  +5.23062541048e-10
  +5.01557565594e-10
  +4.81152837963e-10
  +4.61783258564e-10
  +4.43388305834e-10
  +4.25911272071e-10
  +4.09299731233e-10
  +3.93503576783e-10
  +3.78476732946e-10
  +3.64175819871e-10
  +3.50559747246e-10
  +3.37591144845e-10
  +3.25233525278e-10
  +3.13453951597e-10
  +3.02220824972e-10
  +2.91504423464e-10
  +2.81277144425e-10
  +2.71512832454e-10
  +2.62187335753e-10
  +2.53277231816e-10
  +2.44761305977e-10
  +2.36618676909e-10
  +2.28830279649e-10
  +2.21378217407e-10
  +2.14245420775e-10
  +2.07415613439e-10
  +2.00873588271e-10
  +1.94605481930e-10
  +1.88597527976e-10
  +1.82836947161e-10
  +1.77311924773e-10
  +1.72010672334e-10
  +1.66922934188e-10
  +1.62038441855e-10
  +1.57347202054e-10
  +1.52840700653e-10
  +1.48510056195e-10
  +1.44346920918e-10
  +1.40343772357e-10
  +1.36493596997e-10
  +1.32788959733e-10
  +1.29223522372e-10
  +1.25790809572e-10
  +1.22485422033e-10
  +1.19301500102e-10
  +1.16233325455e-10
  +1.13276536073e-10
  +1.10425673922e-10
  +1.07676622664e-10
  +1.05024767149e-10
  +1.02466209589e-10
  +9.99968479602e-11
  +9.76129803615e-11
  +9.53109955326e-11
  +9.30876719023e-11
  +9.09395633884e-11
  +8.88639120514e-11
  +8.68574196941e-11
  +8.49174691068e-11
  +8.30415068848e-11
  +8.12267357325e-11
  +7.94707227000e-11
  +7.77713953079e-11
  +7.61264282406e-11
  +7.45338503915e-11
  +7.29914348364e-11
  +7.14973020025e-11
  +7.00499232459e-11
  +6.86468921529e-11
  +6.72870635078e-11
  +6.59687172510e-11
  +6.46904738165e-11
  +6.34503767073e-11
  +6.22474157722e-11
  +6.10800012456e-11
  +5.99471820112e-11
  +5.88474234620e-11
  +5.77795225402e-11
  +5.67426062463e-11
  +5.57352139159e-11
  +5.47565181673e-11
  +5.38057130860e-11
  +5.28817086149e-11
  +5.19834325867e-11
  +5.11098325121e-11
  +5.02604835192e-11
  +4.94346733145e-11
  +4.86310941874e-11
  +4.78490648525e-11
  +4.70882239451e-11
  +4.63476143857e-11
  +4.56269013457e-11
  +4.49248486719e-11
  +4.42414527864e-11
  +4.35758069981e-11
  +4.29273194682e-11
  +4.22954108802e-11
  +4.16798164721e-11
  +4.10796712944e-11
  +4.04947293688e-11
  +3.99244507354e-11
  +3.93686067090e-11
  +3.88263681188e-11
  +3.82975241689e-11
  +3.77815653112e-11
  +3.72779906444e-11
  +3.67869161511e-11
  +3.63075487373e-11
  +3.58394071798e-11
  +3.53826268415e-11
  +3.49367393197e-11
  +3.45012800881e-11
  +3.40757923723e-11
  +3.36604330021e-11
  +3.32544500292e-11
  +3.28577057056e-11
  +3.24703723653e-11
  +3.20914064636e-11
  +3.17212933980e-11
  +3.13596094893e-11
  +3.10056275359e-11
  +3.06598463523e-11
  +3.03215467871e-11
  +2.99906241876e-11
  +2.96669777774e-11
  +2.93502038537e-11
  +2.90405126162e-11
  +2.87372019085e-11
  +2.84404881915e-11
  +2.81502855965e-11
  +2.78658997190e-11
  +2.75878609779e-11
  +2.73154803355e-11
  +2.70486820604e-11
  +2.67873931045e-11
  +2.65315419103e-11
  +2.62810599021e-11
  +2.60352699686e-11
  +2.57950224494e-11
  +2.55593390962e-11
  +2.53281593832e-11
  +2.51020346002e-11
  +2.48802962824e-11
  +2.46625842578e-11
  +2.44494548847e-11
  +2.42405506746e-11
  +2.40358206428e-11
  +2.38349099843e-11
  +2.36377709940e-11
  +2.34443574580e-11
  +2.32549290696e-11
  +2.30688316756e-11
  +2.28866326661e-11
  +2.27073752596e-11
  +2.25319351393e-11
  +2.23596623259e-11
  +2.21905189536e-11
  +2.20244677530e-11
  +2.18614732437e-11
  +2.17015002431e-11
  +2.15445147616e-11
  +2.13901786908e-11
  +2.12387645448e-11
  +2.10902419118e-11
  +2.09442744723e-11
  +2.08008330070e-11
  +2.06598882967e-11
  +2.05217176260e-11
  +2.03856832402e-11
  +2.02520639148e-11
  +2.01211390214e-11
  +1.99922725944e-11
  +1.98654398866e-11
  +1.97409229534e-11
  +1.96186979422e-11
  +1.94984371802e-11
  +1.93804236168e-11
  +1.92640251624e-11
  +1.91498315686e-11
  +1.90375163550e-11
  +1.89273660493e-11
  +1.88187494559e-11
  +1.87119536988e-11
  +1.86069599941e-11
  +1.85037504524e-11
  +1.84023065883e-11
  +1.83023072880e-11
  +1.82043455831e-11
  +1.81074891409e-11
  +1.80126383915e-11
  +1.79188615985e-11
  +1.78270594901e-11
  +1.77366068338e-11
  +1.76474887221e-11
  +1.75596911415e-11
  +1.74735059863e-11
  +1.73886139320e-11
  +1.73050027541e-11
  +1.72226584394e-11
  +1.71418743729e-11
  +1.70620274094e-11
  +1.69837168417e-11
  +1.69063192265e-11
  +1.68301294396e-11
  +1.67554411643e-11
  +1.66816327462e-11
  +1.66089990611e-11
  +1.65375299717e-11
  +1.64672147446e-11
  +1.63977379310e-11
  +1.63293955994e-11
  +1.62621779107e-11
  +1.61960759203e-11
  +1.61307747758e-11
  +1.60665711421e-11
  +1.60031504650e-11
  +1.59408103037e-11
  +1.58792364023e-11
  +1.58187257238e-11
  +1.57589658011e-11
  +1.57002535972e-11
  +1.56422757505e-11
  +1.55850254035e-11
  +1.55288004135e-11
  +1.54732877173e-11
  +1.54187863649e-11
  +1.53649835910e-11
  +1.53118731344e-11
  +1.52594478394e-11
  +1.52077011466e-11
  +1.51569330004e-11
  +1.51068309338e-11
  +1.50573889837e-11
  +1.50086017833e-11
  +1.49607680845e-11
  +1.49132721959e-11
  +1.48667184791e-11
  +1.48204912427e-11
  +1.47751954443e-11
  +1.47305210022e-11
  +1.46861566419e-11
  +1.46427088120e-11
  +1.45998662378e-11
  +1.45573197323e-11
  +1.45156742529e-11
  +1.44743153010e-11
  +1.44338484307e-11
  +1.43936582488e-11
  +1.43540461906e-11
  +1.43153130951e-11
  +1.42768438673e-11
  +1.42386340348e-11
  +1.42012912389e-11
  +1.41645050994e-11
  +1.41279667273e-11
  +1.40919778559e-11
  +1.40565340129e-11
  +1.40216319187e-11
  +1.39869626840e-11
  +1.39528277441e-11
  +1.39192235212e-11
  +1.38861473318e-11
  +1.38532893924e-11
  +1.38209520326e-11
  +1.37891325691e-11
  +1.37578271258e-11
  +1.37267274099e-11
  +1.36961357511e-11
  +1.36657435585e-11
  +1.36358534598e-11
  +1.36064624737e-11
  +1.35772620089e-11
  +1.35485546935e-11
  +1.35203384404e-11
  +1.34923040622e-11
  +1.34647550813e-11
  +1.34373832048e-11
  +1.34104910607e-11
  +1.33837706542e-11
  +1.33578308191e-11
  +1.33317526398e-11
  +1.33061440555e-11
  +1.32810029792e-11
  +1.32560217143e-11
  +1.32315037833e-11
  +1.32071408931e-11
  +1.31832362681e-11
  +1.31594825098e-11
  +1.31361831406e-11
  +1.31130301658e-11
  +1.30900217965e-11
  +1.30674615551e-11
  +1.30453467581e-11
</dep>
<dep V1.It time>
  -4.99999998936e-04
  -4.94709039951e-04
  -4.89474065313e-04
  -4.84294486791e-04
  -4.79169718187e-04
  -4.74099179508e-04
  -4.69082296895e-04
  -4.64118502565e-04
  -4.59207234742e-04
  -4.54347937592e-04
  -4.49540061167e-04
  -4.44783061337e-04
  -4.40076399729e-04
  -4.35419543667e-04
  -4.30811966113e-04
  -4.26253145606e-04
  -4.21742566202e-04
  -4.17279717417e-04
  -4.12864094169e-04
  -4.08495196721e-04
  -4.04172530624e-04
  -3.99895606662e-04
  -3.95663940794e-04
  -3.91477054103e-04
  -3.87334472739e-04
  -3.83235727865e-04
  -3.79180355608e-04
  -3.75167897002e-04
  -3.71197897937e-04
  -3.67269909111e-04
  -3.63383485972e-04
  -3.59538188677e-04
  -3.55733582035e-04
  -3.51969235461e-04
  -3.48244722925e-04
  -3.44559622906e-04
  -3.40913518344e-04
  -3.37305996592e-04
  -3.33736649370e-04
  -3.30205072718e-04
  -3.26710866949e-04
  -3.23253636609e-04
  -3.19832990426e-04
  -3.16448541268e-04
  -3.13099906103e-04
  -3.09786705948e-04
  -3.06508565833e-04
  -3.03265114756e-04
  -3.00055985639e-04
  -2.96880815291e-04
  -2.93739244361e-04
  -2.90630917303e-04
  -2.87555482334e-04
  -2.84512591391e-04
  -2.81501900096e-04
  -2.78523067714e-04
  -2.75575757118e-04
  -2.72659634745e-04
  -2.69774370564e-04
  -2.66919638037e-04
  -2.64095114079e-04
  -2.61300479025e-04
  -2.58535416594e-04
  -2.55799613850e-04
  -2.53092761170e-04
  -2.50414552205e-04
  -2.47764683850e-04
  -2.45142856207e-04
  -2.42548772551e-04
  -2.39982139297e-04
  -2.37442665967e-04
  -2.34930065158e-04
  -2.32444052505e-04
  -2.29984346654e-04
  -2.27550669230e-04
  -2.25142744802e-04
  -2.22760300852e-04
  -2.20403067749e-04
  -2.18070778713e-04
  -2.15763169788e-04
  -2.13479979811e-04
  -2.11220950382e-04
  -2.08985825836e-04
  -2.06774353213e-04
  -2.04586282231e-04
  -2.02421365255e-04
  -2.00279357271e-04
  -1.98160015857e-04
  -1.96063101159e-04
  -1.93988375858e-04
  -1.91935605146e-04
  -1.89904556704e-04
  -1.87895000666e-04
  -1.85906709603e-04
  -1.83939458489e-04
  -1.81993024682e-04
  -1.80067187894e-04
  -1.78161730169e-04
  -1.76276435857e-04
  -1.74411091591e-04
  -1.72565486260e-04
  -1.70739410990e-04
  -1.68932659113e-04
  -1.67145026152e-04
  -1.65376309791e-04
  -1.63626309857e-04
  -1.61894828293e-04
  -1.60181669139e-04
  -1.58486638509e-04
  -1.56809544569e-04
  -1.55150197513e-04
  -1.53508409546e-04
  -1.51883994858e-04
  -1.50276769607e-04
  -1.48686551895e-04
  -1.47113161750e-04
  -1.45556421103e-04
  -1.44016153771e-04
  -1.42492185435e-04
  -1.40984343620e-04
  -1.39492457675e-04
  -1.38016358758e-04
  -1.36555879811e-04
  -1.35110855545e-04
  -1.33681122419e-04
  -1.32266518624e-04
  -1.30866884062e-04
  -1.29482060329e-04
  -1.28111890700e-04
  -1.26756220105e-04
  -1.25414895116e-04
  -1.24087763929e-04
  -1.22774676347e-04
  -1.21475483761e-04
  -1.20190039136e-04
  -1.18918196990e-04
  -1.17659813385e-04
  -1.16414745902e-04
  -1.15182853632e-04
  -1.13963997155e-04
  -1.12758038528e-04
  -1.11564841266e-04
  -1.10384270329e-04
  -1.09216192108e-04
  -1.08060474404e-04
  -1.06916986419e-04
  -1.05785598741e-04
  -1.04666183323e-04
  -1.03558613477e-04
  -1.02462763854e-04
  -1.01378510431e-04
  -1.00305730497e-04
  -9.92443026418e-05
  -9.81941067381e-05
  -9.71550239300e-05
  -9.61269366197e-05
  -9.51097284537e-05
  -9.41032843095e-05
  -9.31074902832e-05
  -9.21222336760e-05
  -9.11474029816e-05
  -9.01828878739e-05
  -8.92285791941e-05
  -8.82843689384e-05
  -8.73501502462e-05
  -8.64258173873e-05
  -8.55112657507e-05
  -8.46063918323e-05
  -8.37110932229e-05
  -8.28252685976e-05
  -8.19488177032e-05
  -8.10816413477e-05
  -8.02236413885e-05
  -7.93747207217e-05
  -7.85347832709e-05
  -7.77037339764e-05
  -7.68814787843e-05
  -7.60679246362e-05
  -7.52629794581e-05
  -7.44665521506e-05
  -7.36785525783e-05
  -7.28988915594e-05
  -7.21274808561e-05
  -7.13642331640e-05
  -7.06090621027e-05
  -6.98618822061e-05
  -6.91226089121e-05
  -6.83911585537e-05
  -6.76674483491e-05
  -6.69513963926e-05
  -6.62429216452e-05
  -6.55419439254e-05
  -6.48483839003e-05
  -6.41621630762e-05
  -6.34832037905e-05
  -6.28114292018e-05
  -6.21467632824e-05
  -6.14891308089e-05
  -6.08384573537e-05
  -6.01946692772e-05
  -5.95576937187e-05
  -5.89274585886e-05
  -5.83038925603e-05
  -5.76869250618e-05
  -5.70764862680e-05
  -5.64725070925e-05
  -5.58749191802e-05
  -5.52836548991e-05
  -5.46986473332e-05
  -5.41198302742e-05
  -5.35471382148e-05
  -5.29805063406e-05
  -5.24198705231e-05
  -5.18651673126e-05
  -5.13163339306e-05
  -5.07733082631e-05
  -5.02360288532e-05
  -4.97044348944e-05
  -4.91784662238e-05
  -4.86580633150e-05
  -4.81431672714e-05
  -4.76337198198e-05
  -4.71296633036e-05
  -4.66309406764e-05
  -4.61374954954e-05
  -4.56492719148e-05
  -4.51662146803e-05
  -4.46882691219e-05
  -4.42153811482e-05
  -4.37474972402e-05
  -4.32845644453e-05
  -4.28265303711e-05
  -4.23733431798e-05
  -4.19249515819e-05
  -4.14813048310e-05
  -4.10423527173e-05
  -4.06080455625e-05
  -4.01783342141e-05
  -3.97531700395e-05
  -3.93325049210e-05
  -3.89162912497e-05
  -3.85044819209e-05
  -3.80970303281e-05
  -3.76938903580e-05
  -3.72950163854e-05
  -3.69003632678e-05
  -3.65098863405e-05
  -3.61235414112e-05
  -3.57412847556e-05
  -3.53630731117e-05
  -3.49888636756e-05
  -3.46186140962e-05
  -3.42522824706e-05
  -3.38898273393e-05
  -3.35312076815e-05
  -3.31763829105e-05
  -3.28253128691e-05
  -3.24779578251e-05
  -3.21342784665e-05
  -3.17942358976e-05
  -3.14577916342e-05
  -3.11249075992e-05
  -3.07955461185e-05
  -3.04696699168e-05
  -3.01472421130e-05
  -2.98282262165e-05
  -2.95125861228e-05
  -2.92002861093e-05
  -2.88912908315e-05
  -2.85855653190e-05
  -2.82830749714e-05
  -2.79837855544e-05
  -2.76876631959e-05
  -2.73946743824e-05
  -2.71047859550e-05
  -2.68179651056e-05
  -2.65341793733e-05
  -2.62533966407e-05
  -2.59755851304e-05
  -2.57007134009e-05
  -2.54287503439e-05
  -2.51596651800e-05
  -2.48934274554e-05
  -2.46300070388e-05
  -2.43693741177e-05
  -2.41114991949e-05
  -2.38563530856e-05
  -2.36039069137e-05
  -2.33541321085e-05
  -2.31070004020e-05
  -2.28624838250e-05
  -2.26205547044e-05
  -2.23811856599e-05
  -2.21443496010e-05
  -2.19100197239e-05
  -2.16781695083e-05
  -2.14487727146e-05
  -2.12218033809e-05
  -2.09972358199e-05
  -2.07750446164e-05
  -2.05552046238e-05
  -2.03376909618e-05
  -2.01224790134e-05
  -1.99095444220e-05
  -1.96988630887e-05
  -1.94904111698e-05
  -1.92841650738e-05
  -1.90801014588e-05
  -1.88781972299e-05
  -1.86784295367e-05
  -1.84807757705e-05
  -1.82852135619e-05
  -1.80917207783e-05
  -1.79002755210e-05
  -1.77108561233e-05
  -1.75234411478e-05
  -1.73380093837e-05
  -1.71545398449e-05
  -1.69730117672e-05
  -1.67934046063e-05
  -1.66156980352e-05
  -1.64398719419e-05
  -1.62659064274e-05
  -1.60937818031e-05
  -1.59234785890e-05
  -1.57549775109e-05
  -1.55882594988e-05
  -1.54233056845e-05
  -1.52600973992e-05
  -1.50986161721e-05
  -1.49388437273e-05
  -1.47807619829e-05
  -1.46243530478e-05
  -1.44695992206e-05
  -1.43164829869e-05
  -1.41649870180e-05
  -1.40150941682e-05
  -1.38667874736e-05
  -1.37200501495e-05
  -1.35748655889e-05
  -1.34312173607e-05
  -1.32890892074e-05
  -1.31484650439e-05
  -1.30093289548e-05
  -1.28716651936e-05
  -1.27354581802e-05
  -1.26006924994e-05
  -1.24673528990e-05
  -1.23354242886e-05
  -1.22048917369e-05
  -1.20757404711e-05
  -1.19479558745e-05
  -1.18215234851e-05
  -1.16964289940e-05
  -1.15726582435e-05
  -1.14501972260e-05
  -1.13290320819e-05
  -1.12091490985e-05
  -1.10905347080e-05
  -1.09731754863e-05
  -1.08570581512e-05
  -1.07421695612e-05
  -1.06284967138e-05
  -1.05160267440e-05
  -1.04047469233e-05
  -1.02946446574e-05
  -1.01857074855e-05
  -1.00779230788e-05
  -9.97127923879e-06
  -9.86576389601e-06
  -9.76136510882e-06
  -9.65807106191e-06
  -9.55587006500e-06
  -9.45475055152e-06
  -9.35470107728e-06
  -9.25571031921e-06
  -9.15776707405e-06
  -9.06086025711e-06
  -8.96497890096e-06
  -8.87011215427e-06
  -8.77624928051e-06
  -8.68337965677e-06
  -8.59149277254e-06
  -8.50057822857e-06
  -8.41062573560e-06
  -8.32162511329e-06
  -8.23356628901e-06
  -8.14643929673e-06
  -8.06023427586e-06
  -7.97494147018e-06
  -7.89055122669e-06
  -7.80705399455e-06
  -7.72444032396e-06
  -7.64270086516e-06
  -7.56182636729e-06
  -7.48180767741e-06
  -7.40263573940e-06
  -7.32430159302e-06
  -7.24679637281e-06
  -7.17011130713e-06
  -7.09423771717e-06
  -7.01916701595e-06
  -6.94489070737e-06
  -6.87140038522e-06
  -6.79868773224e-06
  -6.72674451921e-06
  -6.65556260395e-06
  -6.58513393049e-06
  -6.51545052806e-06
  -6.44650451027e-06
  -6.37828807416e-06
  -6.31079349935e-06
  -6.24401314717e-06
  -6.17793945975e-06
  -6.11256495923e-06
  -6.04788224687e-06
  -5.98388400220e-06
  -5.92056298225e-06
  -5.85791202067e-06
  -5.79592402695e-06
  -5.73459198561e-06
  -5.67390895542e-06
  -5.61386806859e-06
  -5.55446253001e-06
  -5.49568561646e-06
  -5.43753067588e-06
  -5.37999112660e-06
  -5.32306045660e-06
  -5.26673222275e-06
  -5.21100005013e-06
  -5.15585763125e-06
  -5.10129872539e-06
  -5.04731715786e-06
  -4.99390681930e-06
  -4.94106166501e-06
  -4.88877571425e-06
  -4.83704304957e-06
  -4.78585781614e-06
  -4.73521422109e-06
  -4.68510653283e-06
  -4.63552908043e-06
  -4.58647625299e-06
  -4.53794249896e-06
  -4.48992232553e-06
  -4.44241029805e-06
  -4.39540103935e-06
  -4.34888922915e-06
  -4.30286960351e-06
  -4.25733695416e-06
  -4.21228612796e-06
  -4.16771202628e-06
  -4.12360960446e-06
  -4.07997387122e-06
  -4.03679988810e-06
  -3.99408276889e-06
  -3.95181767909e-06
  -3.90999983536e-06
  -3.86862450497e-06
  -3.82768700528e-06
  -3.78718270320e-06
  -3.74710701467e-06
  -3.70745540412e-06
  -3.66822338399e-06
  -3.62940651421e-06
  -3.59100040168e-06
  -3.55300069982e-06
  -3.51540310800e-06
  -3.47820337113e-06
  -3.44139727914e-06
  -3.40498066650e-06
  -3.36894941177e-06
  -3.33329943713e-06
  -3.29802670790e-06
  -3.26312723209e-06
  -3.22859705997e-06
  -3.19443228358e-06
  -3.16062903634e-06
  -3.12718349258e-06
  -3.09409186710e-06
  -3.06135041476e-06
  -3.02895543006e-06
  -2.99690324670e-06
  -2.96519023719e-06
  -2.93381281241e-06
  -2.90276742123e-06
  -2.87205055009e-06
  -2.84165872262e-06
  -2.81158849923e-06
  -2.78183647673e-06
  -2.75239928795e-06
  -2.72327360132e-06
  -2.69445612057e-06
  -2.66594358428e-06
  -2.63773276555e-06
  -2.60982047163e-06
  -2.58220354354e-06
  -2.55487885576e-06
  -2.52784331581e-06
  -2.50109386395e-06
  -2.47462747282e-06
  -2.44844114710e-06
</dep>
<dep _net2.Vt time>
  +2.74987515585e+00
  +2.74981656840e+00
  +2.74973158444e+00
  +2.74960881196e+00
  +2.74943216292e+00
  +2.74917901165e+00
  +2.74881767080e+00
  +2.74830394883e+00
  +2.74757647986e+00
  +2.74655042510e+00
  +2.74510903411e+00
  +2.74309242564e+00
  +2.74028281051e+00
  +2.73638525307e+00
  +2.73100299702e+00
  +2.72360644707e+00
  +2.71349524335e+00
  +2.69975372640e+00
  +2.68120182604e+00
  +2.65634650507e+00
  +2.62334389502e+00
  +2.57998951216e+00
  +2.52376295194e+00
  +2.45196181727e+00
  +2.36196161216e+00
  +2.25162430003e+00
  +2.11983739331e+00
  +1.96709491400e+00
  +1.79595066518e+00
  +1.61113215337e+00
  +1.41915910702e+00
  +1.22747939497e+00
  +1.04334518894e+00
  +8.72774002792e-01
  +7.19889687268e-01
  +5.86756215837e-01
  +4.73624112574e-01
  +3.79405282725e-01
  +3.02193502670e-01
  +2.39710376308e-01
  +1.89627565881e-01
  +1.49766236494e-01
  +1.18198863717e-01
  +9.32840406074e-02
  +7.36608212412e-02
  +5.82219896148e-02
  +4.60788460930e-02
  +3.65248835400e-02
  +2.90021821664e-02
  +2.30721573200e-02
  +1.83910447405e-02
  +1.46898639077e-02
  +1.17583178930e-02
  +9.43200732106e-03
  +7.58235819969e-03
  +6.10873128543e-03
  +4.93226301279e-03
  +3.99106891385e-03
  +3.23651276626e-03
  +2.63030604587e-03
  +2.14225263948e-03
  +1.74849428907e-03
  +1.43014436329e-03
  +1.17222277543e-03
  +9.62824541198e-04
  +7.92469745068e-04
  +6.53594509851e-04
  +5.40151702649e-04
  +4.47297165402e-04
  +3.71142703402e-04
  +3.08561268512e-04
  +2.57033020475e-04
  +2.14523459604e-04
  +1.79386766599e-04
  +1.50288990441e-04
  +1.26146893335e-04
  +1.06079169443e-04
  +8.93674607068e-05
  +7.54251439722e-05
  +6.37722938944e-05
  +5.40155626765e-05
  +4.58319815164e-05
  +3.89558957153e-05
  +3.31684082867e-05
  +2.82888352246e-05
  +2.41677768629e-05
  +2.06814898439e-05
  +1.77273076217e-05
  +1.52199077540e-05
  +1.30882642327e-05
  +1.12731549387e-05
  +9.72511970592e-06
  +8.40278477412e-06
  +7.27148563450e-06
  +6.30213330118e-06
  +5.47027948169e-06
  +4.75534452700e-06
  +4.13997882132e-06
  +3.60953371921e-06
  +3.15162256766e-06
  +2.75575591809e-06
  +2.41303793279e-06
  +2.11591333953e-06
  +1.85795621103e-06
  +1.63369339563e-06
  +1.43845669750e-06
  +1.26825895631e-06
  +1.11969000320e-06
  +9.89829193853e-07
  +8.76171764269e-07
  +7.76566749862e-07
  +6.89164570402e-07
  +6.12372724899e-07
  +5.44818285785e-07
  +4.85316110103e-07
  +4.32841859320e-07
  +3.86509070854e-07
  +3.45549647605e-07
  +3.09297237866e-07
  +2.77173053694e-07
  +2.48673760033e-07
  +2.23361117656e-07
  +2.00853115313e-07
  +1.80816365876e-07
  +1.62959582770e-07
  +1.47027972163e-07
  +1.32798409400e-07
  +1.20075283316e-07
  +1.08686915118e-07
  +9.84824639702e-08
  +8.93292540693e-08
  +8.11104622845e-08
  +7.37231144254e-08
  +6.70763483156e-08
  +6.10899047350e-08
  +5.56928178748e-08
  +5.08222759007e-08
  +4.64226256570e-08
  +4.24445100367e-08
  +3.88441105218e-08
  +3.55824890794e-08
  +3.26250093371e-08
  +2.99408340277e-08
  +2.75024793436e-08
  +2.52854300778e-08
  +2.32677970843e-08
  +2.14300176764e-08
  +1.97545932874e-08
  +1.82258578377e-08
  +1.68297717735e-08
  +1.55537437235e-08
  +1.43864700416e-08
  +1.33177948956e-08
  +1.23385858084e-08
  +1.14406236578e-08
  +1.06165047538e-08
  +9.85955484342e-09
  +9.16375164331e-09
  +8.52365746028e-09
  +7.93435833840e-09
  +7.39140960196e-09
  +6.89078770677e-09
  +6.42884897825e-09
  +6.00228882970e-09
  +5.60811004841e-09
  +5.24359137554e-09
  +4.90625952768e-09
  +4.59386570528e-09
  +4.30436398253e-09
  +4.03589083312e-09
  +3.78674779864e-09
  +3.55538658466e-09
  +3.34039403932e-09
  +3.14047876652e-09
  +2.95446173306e-09
  +2.78126409017e-09
  +2.61989855896e-09
  +2.46946127180e-09
  +2.32912371628e-09
  +2.19812627291e-09
  +2.07577207586e-09
  +1.96142086775e-09
  +1.85448494961e-09
  +1.75442384435e-09
  +1.66073978656e-09
  +1.57297553989e-09
  +1.49070933669e-09
  +1.41355241711e-09
  +1.34114671208e-09
  +1.27316173370e-09
  +1.20929188814e-09
  +1.14925542329e-09
  +1.09279163039e-09
  +1.03965905604e-09
  +9.89635007975e-10
  +9.42512685763e-10
  +8.98100826021e-10
  +8.56221868444e-10
  +8.16711404370e-10
  +7.79416444647e-10
  +7.44195261608e-10
  +7.10916352384e-10
  +6.79457438894e-10
  +6.49704193968e-10
  +6.21550829915e-10
  +5.94898577326e-10
  +5.69656017521e-10
  +5.45737304346e-10
  +5.23062541048e-10
  +5.01557565594e-10
  +4.81152837963e-10
  +4.61783258564e-10
  +4.43388305834e-10
  +4.25911272071e-10
  +4.09299731233e-10
  +3.93503576783e-10
  +3.78476732946e-10
  +3.64175819871e-10
  +3.50559747246e-10
  +3.37591144845e-10
  +3.25233525278e-10
  +3.13453951597e-10
  +3.02220824972e-10
  +2.91504423464e-10
  +2.81277144425e-10
  +2.71512832454e-10
  +2.62187335753e-10
  +2.53277231816e-10
  +2.44761305977e-10
  +2.36618676909e-10
  +2.28830279649e-10
  +2.21378217407e-10
  +2.14245420775e-10
  +2.07415613439e-10
  +2.00873588271e-10
  +1.94605481930e-10
  +1.88597527976e-10
  +1.82836947161e-10
  +1.77311924773e-10
  +1.72010672334e-10
  +1.66922934188e-10
  +1.62038441855e-10
  +1.57347202054e-10
  +1.52840700653e-10
  +1.48510056195e-10
  +1.44346920918e-10
  +1.40343772357e-10
  +1.36493596997e-10
  +1.32788959733e-10
  +1.29223522372e-10
  +1.25790809572e-10
  +1.22485422033e-10
  +1.19301500102e-10
  +1.16233325455e-10
  +1.13276536073e-10
  +1.10425673922e-10
  +1.07676622664e-10
  +1.05024767149e-10
  +1.02466209589e-10
  +9.99968479602e-11
  +9.76129803615e-11
  +9.53109955326e-11
  +9.30876719023e-11
  +9.09395633884e-11
  +8.88639120514e-11
  +8.68574196941e-11
  +8.49174691068e-11
  +8.30415068848e-11
  +8.12267357325e-11
  +7.94707227000e-11
  +7.77713953079e-11
  +7.61264282406e-11
  +7.45338503915e-11
  +7.29914348364e-11
  +7.14973020025e-11
  +7.00499232459e-11
  +6.86468921529e-11
  +6.72870635078e-11
  +6.59687172510e-11
  +6.46904738165e-11
  +6.34503767073e-11
  +6.22474157722e-11
  +6.10800012456e-11
  +5.99471820112e-11
  +5.88474234620e-11
  +5.77795225402e-11
  +5.67426062463e-11
  +5.57352139159e-11
  +5.47565181673e-11
  +5.38057130860e-11
  +5.28817086149e-11
  +5.19834325867e-11
  +5.11098325121e-11
  +5.02604835192e-11
  +4.94346733145e-11
  +4.86310941874e-11
  +4.78490648525e-11
  +4.70882239451e-11
  +4.63476143857e-11
  +4.56269013457e-11
  +4.49248486719e-11
  +4.42414527864e-11
  +4.35758069981e-11
  +4.29273194682e-11
  +4.22954108802e-11
  +4.16798164721e-11
  +4.10796712944e-11
  +4.04947293688e-11
  +3.99244507354e-11
  +3.93686067090e-11
  +3.88263681188e-11
  +3.82975241689e-11
  +3.77815653112e-11
  +3.72779906444e-11
  +3.67869161511e-11
  +3.63075487373e-11
  +3.58394071798e-11
  +3.53826268415e-11
  +3.49367393197e-11
  +3.45012800881e-11
  +3.40757923723e-11
  +3.36604330021e-11
  +3.32544500292e-11
  +3.28577057056e-11
  +3.24703723653e-11
  +3.20914064636e-11
  +3.17212933980e-11
  +3.13596094893e-11
  +3.10056275359e-11
  +3.06598463523e-11
  +3.03215467871e-11
  +2.99906241876e-11
  +2.96669777774e-11
  +2.93502038537e-11
  +2.90405126162e-11
  +2.87372019085e-11
  +2.84404881915e-11
  +2.81502855965e-11
  +2.78658997190e-11
  +2.75878609779e-11
  +2.73154803355e-11
  +2.70486820604e-11
  +2.67873931045e-11
  +2.65315419103e-11
  +2.62810599021e-11
  +2.60352699686e-11
  +2.57950224494e-11
  +2.55593390962e-11
  +2.53281593832e-11
  +2.51020346002e-11
  +2.48802962824e-11
  +2.46625842578e-11
  +2.44494548847e-11
  +2.42405506746e-11
  +2.40358206428e-11
  +2.38349099843e-11
  +2.36377709940e-11
  +2.34443574580e-11
  +2.32549290696e-11
  +2.30688316756e-11
  +2.28866326661e-11
  +2.27073752596e-11
  +2.25319351393e-11
  +2.23596623259e-11
  +2.21905189536e-11
  +2.20244677530e-11
  +2.18614732437e-11
  +2.17015002431e-11
  +2.15445147616e-11
  +2.13901786908e-11
  +2.12387645448e-11
  +2.10902419118e-11
  +2.09442744723e-11
  +2.08008330070e-11
  +2.06598882967e-11
  +2.05217176260e-11
  +2.03856832402e-11
  +2.02520639148e-11
  +2.01211390214e-11
  +1.99922725944e-11
  +1.98654398866e-11
  +1.97409229534e-11
  +1.96186979422e-11
  +1.94984371802e-11
  +1.93804236168e-11
  +1.92640251624e-11
  +1.91498315686e-11
  +1.90375163550e-11
  +1.89273660493e-11
  +1.88187494559e-11
  +1.87119536988e-11
  +1.86069599941e-11
  +1.85037504524e-11
  +1.84023065883e-11
  +1.83023072880e-11
  +1.82043455831e-11
  +1.81074891409e-11
  +1.80126383915e-11
  +1.79188615985e-11
  +1.78270594901e-11
  +1.77366068338e-11
  +1.76474887221e-11
  +1.75596911415e-11
  +1.74735059863e-11
  +1.73886139320e-11
  +1.73050027541e-11
  +1.72226584394e-11
  +1.71418743729e-11
  +1.70620274094e-11
  +1.69837168417e-11
  +1.69063192265e-11
  +1.68301294396e-11
  +1.67554411643e-11
  +1.66816327462e-11
  +1.66089990611e-11
  +1.65375299717e-11
  +1.64672147446e-11
  +1.63977379310e-11
  +1.63293955994e-11
  +1.62621779107e-11
  +1.61960759203e-11
  +1.61307747758e-11
  +1.60665711421e-11
  +1.60031504650e-11
  +1.59408103037e-11
  +1.58792364023e-11
  +1.58187257238e-11
  +1.57589658011e-11
  +1.57002535972e-11
  +1.56422757505e-11
  +1.55850254035e-11
  +1.55288004135e-11
  +1.54732877173e-11
  +1.54187863649e-11
  +1.53649835910e-11
  +1.53118731344e-11
  +1.52594478394e-11
  +1.52077011466e-11
  +1.51569330004e-11
  +1.51068309338e-11
  +1.50573889837e-11
  +1.50086017833e-11
  +1.49607680845e-11
  +1.49132721959e-11
  +1.48667184791e-11
  +1.48204912427e-11
  +1.47751954443e-11
  +1.47305210022e-11
  +1.46861566419e-11
  +1.46427088120e-11
  +1.45998662378e-11
  +1.45573197323e-11
  +1.45156742529e-11
  +1.44743153010e-11
  +1.44338484307e-11
  +1.43936582488e-11
  +1.43540461906e-11
  +1.43153130951e-11
  +1.42768438673e-11
  +1.42386340348e-11
  +1.42012912389e-11
  +1.41645050994e-11
  +1.41279667273e-11
  +1.40919778559e-11
  +1.40565340129e-11
  +1.40216319187e-11
  +1.39869626840e-11
  +1.39528277441e-11
  +1.39192235212e-11
  +1.38861473318e-11
  +1.38532893924e-11
  +1.38209520326e-11
  +1.37891325691e-11
  +1.37578271258e-11
  +1.37267274099e-11
  +1.36961357511e-11
  +1.36657435585e-11
  +1.36358534598e-11
  +1.36064624737e-11
  +1.35772620089e-11
  +1.35485546935e-11
  +1.35203384404e-11
  +1.34923040622e-11
  +1.34647550813e-11
  +1.34373832048e-11
  +1.34104910607e-11
  +1.33837706542e-11
  +1.33578308191e-11
  +1.33317526398e-11
  +1.33061440555e-11
  +1.32810029792e-11
  +1.32560217143e-11
  +1.32315037833e-11
  +1.32071408931e-11
  +1.31832362681e-11
  +1.31594825098e-11
  +1.31361831406e-11
  +1.31130301658e-11
  +1.30900217965e-11
  +1.30674615551e-11
  +1.30453467581e-11
</dep>
<dep _net0.Vt time>
  +1.06382978497e-08
  +5.29096004878e-02
  +1.05259346871e-01
  +1.57055132092e-01
  +2.08302818127e-01
  +2.59008204921e-01
  +3.09177031046e-01
  +3.58814974346e-01
  +4.07927652585e-01
  +4.56520624078e-01
  +5.04599388325e-01
  +5.52169386628e-01
  +5.99236002712e-01
  +6.45804563329e-01
  +6.91880338867e-01
  +7.37468543940e-01
  +7.82574337983e-01
  +8.27202825835e-01
  +8.71359058314e-01
  +9.15048032791e-01
  +9.58274693758e-01
  +1.00104393338e+00
  +1.04336059206e+00
  +1.08522945897e+00
  +1.12665527261e+00
  +1.16764272135e+00
  +1.20819644392e+00
  +1.24832102998e+00
  +1.28802102063e+00
  +1.32730090889e+00
  +1.36616514028e+00
  +1.40461811323e+00
  +1.44266417965e+00
  +1.48030764539e+00
  +1.51755277075e+00
  +1.55440377094e+00
  +1.59086481656e+00
  +1.62694003408e+00
  +1.66263350630e+00
  +1.69794927282e+00
  +1.73289133051e+00
  +1.76746363391e+00
  +1.80167009574e+00
  +1.83551458732e+00
  +1.86900093897e+00
  +1.90213294052e+00
  +1.93491434167e+00
  +1.96734885244e+00
  +1.99944014361e+00
  +2.03119184709e+00
  +2.06260755639e+00
  +2.09369082697e+00
  +2.12444517666e+00
  +2.15487408609e+00
  +2.18498099904e+00
  +2.21476932286e+00
  +2.24424242882e+00
  +2.27340365255e+00
  +2.30225629436e+00
  +2.33080361963e+00
  +2.35904885921e+00
  +2.38699520975e+00
  +2.41464583406e+00
  +2.44200386150e+00
  +2.46907238830e+00
  +2.49585447795e+00
  +2.52235316150e+00
  +2.54857143793e+00
  +2.57451227449e+00
  +2.60017860703e+00
  +2.62557334033e+00
  +2.65069934842e+00
  +2.67555947495e+00
  +2.70015653346e+00
  +2.72449330770e+00
  +2.74857255198e+00
  +2.77239699148e+00
  +2.79596932251e+00
  +2.81929221287e+00
  +2.84236830212e+00
  +2.86520020189e+00
  +2.88779049618e+00
  +2.91014174164e+00
  +2.93225646787e+00
  +2.95413717769e+00
  +2.97578634745e+00
  +2.99720642729e+00
  +3.01839984143e+00
  +3.03936898841e+00
  +3.06011624142e+00
  +3.08064394854e+00
  +3.10095443296e+00
  +3.12104999334e+00
  +3.14093290397e+00
  +3.16060541511e+00
  +3.18006975318e+00
  +3.19932812106e+00
  +3.21838269831e+00
  +3.23723564143e+00
  +3.25588908409e+00
  +3.27434513740e+00
  +3.29260589010e+00
  +3.31067340887e+00
  +3.32854973848e+00
  +3.34623690209e+00
  +3.36373690143e+00
  +3.38105171707e+00
  +3.39818330861e+00
  +3.41513361491e+00
  +3.43190455431e+00
  +3.44849802487e+00
  +3.46491590454e+00
  +3.48116005142e+00
  +3.49723230393e+00
  +3.51313448105e+00
  +3.52886838250e+00
  +3.54443578897e+00
  +3.55983846229e+00
  +3.57507814565e+00
  +3.59015656380e+00
  +3.60507542325e+00
  +3.61983641242e+00
  +3.63444120189e+00
  +3.64889144455e+00
  +3.66318877581e+00
  +3.67733481376e+00
  +3.69133115938e+00
  +3.70517939671e+00
  +3.71888109300e+00
  +3.73243779895e+00
  +3.74585104884e+00
  +3.75912236071e+00
  +3.77225323653e+00
  +3.78524516239e+00
  +3.79809960864e+00
  +3.81081803010e+00
  +3.82340186615e+00
  +3.83585254098e+00
  +3.84817146368e+00
  +3.86036002845e+00
  +3.87241961472e+00
  +3.88435158734e+00
  +3.89615729671e+00
  +3.90783807892e+00
  +3.91939525596e+00
  +3.93083013581e+00
  +3.94214401259e+00
  +3.95333816677e+00
  +3.96441386523e+00
  +3.97537236146e+00
  +3.98621489569e+00
  +3.99694269503e+00
  +4.00755697358e+00
  +4.01805893262e+00
  +4.02844976070e+00
  +4.03873063380e+00
  +4.04890271546e+00
  +4.05896715690e+00
  +4.06892509717e+00
  +4.07877766324e+00
  +4.08852597018e+00
  +4.09817112126e+00
  +4.10771420806e+00
  +4.11715631062e+00
  +4.12649849754e+00
  +4.13574182613e+00
  +4.14488734249e+00
  +4.15393608168e+00
  +4.16288906777e+00
  +4.17174731402e+00
  +4.18051182297e+00
  +4.18918358652e+00
  +4.19776358611e+00
  +4.20625279278e+00
  +4.21465216729e+00
  +4.22296266024e+00
  +4.23118521216e+00
  +4.23932075364e+00
  +4.24737020542e+00
  +4.25533447849e+00
  +4.26321447422e+00
  +4.27101108441e+00
  +4.27872519144e+00
  +4.28635766836e+00
  +4.29390937897e+00
  +4.30138117794e+00
  +4.30877391088e+00
  +4.31608841446e+00
  +4.32332551651e+00
  +4.33048603607e+00
  +4.33757078355e+00
  +4.34458056075e+00
  +4.35151616100e+00
  +4.35837836924e+00
  +4.36516796210e+00
  +4.37188570798e+00
  +4.37853236718e+00
  +4.38510869191e+00
  +4.39161542646e+00
  +4.39805330723e+00
  +4.40442306281e+00
  +4.41072541411e+00
  +4.41696107440e+00
  +4.42313074938e+00
  +4.42923513732e+00
  +4.43527492908e+00
  +4.44125080820e+00
  +4.44716345101e+00
  +4.45301352667e+00
  +4.45880169726e+00
  +4.46452861785e+00
  +4.47019493659e+00
  +4.47580129477e+00
  +4.48134832687e+00
  +4.48683666069e+00
  +4.49226691737e+00
  +4.49763971147e+00
  +4.50295565106e+00
  +4.50821533776e+00
  +4.51341936685e+00
  +4.51856832729e+00
  +4.52366280180e+00
  +4.52870336696e+00
  +4.53369059324e+00
  +4.53862504505e+00
  +4.54350728085e+00
  +4.54833785320e+00
  +4.55311730878e+00
  +4.55784618852e+00
  +4.56252502760e+00
  +4.56715435555e+00
  +4.57173469629e+00
  +4.57626656820e+00
  +4.58075048418e+00
  +4.58518695169e+00
  +4.58957647283e+00
  +4.59391954437e+00
  +4.59821665786e+00
  +4.60246829960e+00
  +4.60667495079e+00
  +4.61083708750e+00
  +4.61495518079e+00
  +4.61902969672e+00
  +4.62306109642e+00
  +4.62704983615e+00
  +4.63099636732e+00
  +4.63490113660e+00
  +4.63876458589e+00
  +4.64258715244e+00
  +4.64636926888e+00
  +4.65011136324e+00
  +4.65381385904e+00
  +4.65747717529e+00
  +4.66110172661e+00
  +4.66468792319e+00
  +4.66823617089e+00
  +4.67174687131e+00
  +4.67522042175e+00
  +4.67865721533e+00
  +4.68205764102e+00
  +4.68542208366e+00
  +4.68875092401e+00
  +4.69204453881e+00
  +4.69530330083e+00
  +4.69852757887e+00
  +4.70171773783e+00
  +4.70487413877e+00
  +4.70799713891e+00
  +4.71108709168e+00
  +4.71414434681e+00
  +4.71716925029e+00
  +4.72016214446e+00
  +4.72312336804e+00
  +4.72605325618e+00
  +4.72895214045e+00
  +4.73182034894e+00
  +4.73465820627e+00
  +4.73746603359e+00
  +4.74024414870e+00
  +4.74299286599e+00
  +4.74571249656e+00
  +4.74840334820e+00
  +4.75106572545e+00
  +4.75369992961e+00
  +4.75630625882e+00
  +4.75888500805e+00
  +4.76143646914e+00
  +4.76396093086e+00
  +4.76645867891e+00
  +4.76892999598e+00
  +4.77137516175e+00
  +4.77379445296e+00
  +4.77618814340e+00
  +4.77855650399e+00
  +4.78089980276e+00
  +4.78321830492e+00
  +4.78551227285e+00
  +4.78778196619e+00
  +4.79002764180e+00
  +4.79224955384e+00
  +4.79444795376e+00
  +4.79662309038e+00
  +4.79877520987e+00
  +4.80090455578e+00
  +4.80301136911e+00
  +4.80509588830e+00
  +4.80715834926e+00
  +4.80919898541e+00
  +4.81121802770e+00
  +4.81321570463e+00
  +4.81519224229e+00
  +4.81714786438e+00
  +4.81908279222e+00
  +4.82099724479e+00
  +4.82289143877e+00
  +4.82476558852e+00
  +4.82661990616e+00
  +4.82845460155e+00
  +4.83026988233e+00
  +4.83206595394e+00
  +4.83384301965e+00
  +4.83560128058e+00
  +4.83734093573e+00
  +4.83906218197e+00
  +4.84076521411e+00
  +4.84245022489e+00
  +4.84411740501e+00
  +4.84576694316e+00
  +4.84739902601e+00
  +4.84901383828e+00
  +4.85061156273e+00
  +4.85219238017e+00
  +4.85375646952e+00
  +4.85530400779e+00
  +4.85683517013e+00
  +4.85835012982e+00
  +4.85984905832e+00
  +4.86133212526e+00
  +4.86279949851e+00
  +4.86425134411e+00
  +4.86568782639e+00
  +4.86710910793e+00
  +4.86851534956e+00
  +4.86990671045e+00
  +4.87128334806e+00
  +4.87264541820e+00
  +4.87399307501e+00
  +4.87532647101e+00
  +4.87664575711e+00
  +4.87795108263e+00
  +4.87924259529e+00
  +4.88052044125e+00
  +4.88178476515e+00
  +4.88303571006e+00
  +4.88427341757e+00
  +4.88549802774e+00
  +4.88670967918e+00
  +4.88790850901e+00
  +4.88909465292e+00
  +4.89026824514e+00
  +4.89142941849e+00
  +4.89257830439e+00
  +4.89371503286e+00
  +4.89483973256e+00
  +4.89595253077e+00
  +4.89705355343e+00
  +4.89814292514e+00
  +4.89922076921e+00
  +4.90028720761e+00
  +4.90134236104e+00
  +4.90238634891e+00
  +4.90341928938e+00
  +4.90444129935e+00
  +4.90545249448e+00
  +4.90645298923e+00
  +4.90744289681e+00
  +4.90842232926e+00
  +4.90939139743e+00
  +4.91035021099e+00
  +4.91129887846e+00
  +4.91223750719e+00
  +4.91316620343e+00
  +4.91408507227e+00
  +4.91499421771e+00
  +4.91589374264e+00
  +4.91678374887e+00
  +4.91766433711e+00
  +4.91853560703e+00
  +4.91939765724e+00
  +4.92025058530e+00
  +4.92109448773e+00
  +4.92192946005e+00
  +4.92275559676e+00
  +4.92357299135e+00
  +4.92438173633e+00
  +4.92518192323e+00
  +4.92597364261e+00
  +4.92675698407e+00
  +4.92753203627e+00
  +4.92829888693e+00
  +4.92905762283e+00
  +4.92980832984e+00
  +4.93055109293e+00
  +4.93128599615e+00
  +4.93201312268e+00
  +4.93273255481e+00
  +4.93344437396e+00
  +4.93414866070e+00
  +4.93484549472e+00
  +4.93553495490e+00
  +4.93621711926e+00
  +4.93689206501e+00
  +4.93755986853e+00
  +4.93822060540e+00
  +4.93887435041e+00
  +4.93952117753e+00
  +4.94016115998e+00
  +4.94079437018e+00
  +4.94142087979e+00
  +4.94204075973e+00
  +4.94265408014e+00
  +4.94326091045e+00
  +4.94386131931e+00
  +4.94445537470e+00
  +4.94504314384e+00
  +4.94562469324e+00
  +4.94620008873e+00
  +4.94676939543e+00
  +4.94733267777e+00
  +4.94788999950e+00
  +4.94844142369e+00
  +4.94898701275e+00
  +4.94952682842e+00
  +4.95006093181e+00
  +4.95058938335e+00
  +4.95111224286e+00
  +4.95162956950e+00
  +4.95214142184e+00
  +4.95264785779e+00
  +4.95314893467e+00
  +4.95364470920e+00
  +4.95413523747e+00
  +4.95462057501e+00
  +4.95510077674e+00
  +4.95557589702e+00
  +4.95604598961e+00
  +4.95651110771e+00
  +4.95697130396e+00
  +4.95742663046e+00
  +4.95787713872e+00
  +4.95832287974e+00
  +4.95876390396e+00
  +4.95920026129e+00
  +4.95963200112e+00
  +4.96005917231e+00
  +4.96048182321e+00
  +4.96090000165e+00
  +4.96131375495e+00
  +4.96172312995e+00
  +4.96212817297e+00
  +4.96252892985e+00
  +4.96292544596e+00
  +4.96331776616e+00
  +4.96370593486e+00
  +4.96408999598e+00
  +4.96446999300e+00
  +4.96484596892e+00
  +4.96521796629e+00
  +4.96558602721e+00
  +4.96595019334e+00
  +4.96631050588e+00
  +4.96666700563e+00
  +4.96701973292e+00
  +4.96736872768e+00
  +4.96771402940e+00
  +4.96805567716e+00
  +4.96839370964e+00
  +4.96872816507e+00
  +4.96905908133e+00
  +4.96938649585e+00
  +4.96971044570e+00
  +4.97003096753e+00
  +4.97034809763e+00
  +4.97066187188e+00
  +4.97097232579e+00
  +4.97127949450e+00
  +4.97158341277e+00
  +4.97188411501e+00
  +4.97218163523e+00
  +4.97247600712e+00
  +4.97276726399e+00
  +4.97305543879e+00
  +4.97334056416e+00
  +4.97362267234e+00
  +4.97390179528e+00
  +4.97417796456e+00
  +4.97445121144e+00
  +4.97472156684e+00
  +4.97498906136e+00
  +4.97525372527e+00
  +4.97551558853e+00
</dep>
<dep _net1.Vt time>
  +5.00000000000e+00
  +5.00000000000e+00
  +5.00000000000e+00
  +5.00000000000e+00
  +5.00000000000e+00
  +5.00000000000e+00
  +5.00000000000e+00
  +5.00000000000e+00
  +5.00000000000e+00
  +5.00000000000e+00
  +5.00000000000e+00
  +5.00000000000e+00
  +5.00000000000e+00
  +5.00000000000e+00
  +5.00000000000e+00
  +5.00000000000e+00
  +5.00000000000e+00
  +5.00000000000e+00
  +5.00000000000e+00
  +5.00000000000e+00
  +5.00000000000e+00
  +5.00000000000e+00
  +5.00000000000e+00
  +5.00000000000e+00
  +5.00000000000e+00
  +5.00000000000e+00
  +5.00000000000e+00
  +5.00000000000e+00
  +5.00000000000e+00
  +5.00000000000e+00
  +5.00000000000e+00
  +5.00000000000e+00
  +5.00000000000e+00
  +5.00000000000e+00
  +5.00000000000e+00
  +5.00000000000e+00
  +5.00000000000e+00
  +5.00000000000e+00
  +5.00000000000e+00
  +5.00000000000e+00
  +5.00000000000e+00
  +5.00000000000e+00
  +5.00000000000e+00
  +5.00000000000e+00
  +5.00000000000e+00
  +5.00000000000e+00
  +5.00000000000e+00
  +5.00000000000e+00
  +5.00000000000e+00
  +5.00000000000e+00
  +5.00000000000e+00
  +5.00000000000e+00
  +5.00000000000e+00
  +5.00000000000e+00
  +5.00000000000e+00
  +5.00000000000e+00
  +5.00000000000e+00
  +5.00000000000e+00
  +5.00000000000e+00
  +5.00000000000e+00
  +5.00000000000e+00
  +5.00000000000e+00
  +5.00000000000e+00
  +5.00000000000e+00
  +5.00000000000e+00
  +5.00000000000e+00
  +5.00000000000e+00
  +5.00000000000e+00
  +5.00000000000e+00
  +5.00000000000e+00
  +5.00000000000e+00
  +5.00000000000e+00
  +5.00000000000e+00
  +5.00000000000e+00
  +5.00000000000e+00
  +5.00000000000e+00
  +5.00000000000e+00
  +5.00000000000e+00
  +5.00000000000e+00
  +5.00000000000e+00
  +5.00000000000e+00
  +5.00000000000e+00
  +5.00000000000e+00
  +5.00000000000e+00
  +5.00000000000e+00
  +5.00000000000e+00
  +5.00000000000e+00
  +5.00000000000e+00
  +5.00000000000e+00
  +5.00000000000e+00
  +5.00000000000e+00
  +5.00000000000e+00
  +5.00000000000e+00
  +5.00000000000e+00
  +5.00000000000e+00
  +5.00000000000e+00
  +5.00000000000e+00
  +5.00000000000e+00
  +5.00000000000e+00
  +5.00000000000e+00
  +5.00000000000e+00
  +5.00000000000e+00
  +5.00000000000e+00
  +5.00000000000e+00
  +5.00000000000e+00
  +5.00000000000e+00
  +5.00000000000e+00
  +5.00000000000e+00
  +5.00000000000e+00
  +5.00000000000e+00
  +5.00000000000e+00
  +5.00000000000e+00
  +5.00000000000e+00
  +5.00000000000e+00
  +5.00000000000e+00
  +5.00000000000e+00
  +5.00000000000e+00
  +5.00000000000e+00
  +5.00000000000e+00
  +5.00000000000e+00
  +5.00000000000e+00
  +5.00000000000e+00
  +5.00000000000e+00
  +5.00000000000e+00
  +5.00000000000e+00
  +5.00000000000e+00
  +5.00000000000e+00
  +5.00000000000e+00
  +5.00000000000e+00
  +5.00000000000e+00
  +5.00000000000e+00
  +5.00000000000e+00
  +5.00000000000e+00
  +5.00000000000e+00
  +5.00000000000e+00
  +5.00000000000e+00
  +5.00000000000e+00
  +5.00000000000e+00
  +5.00000000000e+00
  +5.00000000000e+00
  +5.00000000000e+00
  +5.00000000000e+00
  +5.00000000000e+00
  +5.00000000000e+00
  +5.00000000000e+00
  +5.00000000000e+00
  +5.00000000000e+00
  +5.00000000000e+00
  +5.00000000000e+00
  +5.00000000000e+00
  +5.00000000000e+00
  +5.00000000000e+00
  +5.00000000000e+00
  +5.00000000000e+00
  +5.00000000000e+00
  +5.00000000000e+00
  +5.00000000000e+00
  +5.00000000000e+00
  +5.00000000000e+00
  +5.00000000000e+00
  +5.00000000000e+00
  +5.00000000000e+00
  +5.00000000000e+00
  +5.00000000000e+00
  +5.00000000000e+00
  +5.00000000000e+00
  +5.00000000000e+00
  +5.00000000000e+00
  +5.00000000000e+00
  +5.00000000000e+00
  +5.00000000000e+00
  +5.00000000000e+00
  +5.00000000000e+00
  +5.00000000000e+00
  +5.00000000000e+00
  +5.00000000000e+00
  +5.00000000000e+00
  +5.00000000000e+00
  +5.00000000000e+00
  +5.00000000000e+00
  +5.00000000000e+00
  +5.00000000000e+00
  +5.00000000000e+00
  +5.00000000000e+00
  +5.00000000000e+00
  +5.00000000000e+00
  +5.00000000000e+00
  +5.00000000000e+00
  +5.00000000000e+00
  +5.00000000000e+00
  +5.00000000000e+00
  +5.00000000000e+00
  +5.00000000000e+00
  +5.00000000000e+00
  +5.00000000000e+00
  +5.00000000000e+00
  +5.00000000000e+00
  +5.00000000000e+00
  +5.00000000000e+00
  +5.00000000000e+00
  +5.00000000000e+00
  +5.00000000000e+00
  +5.00000000000e+00
  +5.00000000000e+00
  +5.00000000000e+00
  +5.00000000000e+00
  +5.00000000000e+00
  +5.00000000000e+00
  +5.00000000000e+00
  +5.00000000000e+00
  +5.00000000000e+00
  +5.00000000000e+00
  +5.00000000000e+00
  +5.00000000000e+00
  +5.00000000000e+00
  +5.00000000000e+00
  +5.00000000000e+00
  +5.00000000000e+00
  +5.00000000000e+00
  +5.00000000000e+00
  +5.00000000000e+00
  +5.00000000000e+00
  +5.00000000000e+00
  +5.00000000000e+00
  +5.00000000000e+00
  +5.00000000000e+00
  +5.00000000000e+00
  +5.00000000000e+00
  +5.00000000000e+00
  +5.00000000000e+00
  +5.00000000000e+00
  +5.00000000000e+00
  +5.00000000000e+00
  +5.00000000000e+00
  +5.00000000000e+00
  +5.00000000000e+00
  +5.00000000000e+00
  +5.00000000000e+00
  +5.00000000000e+00
  +5.00000000000e+00
  +5.00000000000e+00
  +5.00000000000e+00
  +5.00000000000e+00
  +5.00000000000e+00
  +5.00000000000e+00
  +5.00000000000e+00
  +5.00000000000e+00
  +5.00000000000e+00
  +5.00000000000e+00
  +5.00000000000e+00
  +5.00000000000e+00
  +5.00000000000e+00
  +5.00000000000e+00
  +5.00000000000e+00
  +5.00000000000e+00
  +5.00000000000e+00
  +5.00000000000e+00
  +5.00000000000e+00
  +5.00000000000e+00
  +5.00000000000e+00
  +5.00000000000e+00
  +5.00000000000e+00
  +5.00000000000e+00
  +5.00000000000e+00
  +5.00000000000e+00
  +5.00000000000e+00
  +5.00000000000e+00
  +5.00000000000e+00
  +5.00000000000e+00
  +5.00000000000e+00
  +5.00000000000e+00
  +5.00000000000e+00
  +5.00000000000e+00
  +5.00000000000e+00
  +5.00000000000e+00
  +5.00000000000e+00
  +5.00000000000e+00
  +5.00000000000e+00
  +5.00000000000e+00
  +5.00000000000e+00
  +5.00000000000e+00
  +5.00000000000e+00
  +5.00000000000e+00
  +5.00000000000e+00
  +5.00000000000e+00
  +5.00000000000e+00
  +5.00000000000e+00
  +5.00000000000e+00
  +5.00000000000e+00
  +5.00000000000e+00
  +5.00000000000e+00
  +5.00000000000e+00
  +5.00000000000e+00
  +5.00000000000e+00
  +5.00000000000e+00
  +5.00000000000e+00
  +5.00000000000e+00
  +5.00000000000e+00
  +5.00000000000e+00
  +5.00000000000e+00
  +5.00000000000e+00
  +5.00000000000e+00
  +5.00000000000e+00
  +5.00000000000e+00
  +5.00000000000e+00
  +5.00000000000e+00
  +5.00000000000e+00
  +5.00000000000e+00
  +5.00000000000e+00
  +5.00000000000e+00
  +5.00000000000e+00
  +5.00000000000e+00
  +5.00000000000e+00
  +5.00000000000e+00
  +5.00000000000e+00
  +5.00000000000e+00
  +5.00000000000e+00
  +5.00000000000e+00
  +5.00000000000e+00
  +5.00000000000e+00
  +5.00000000000e+00
  +5.00000000000e+00
  +5.00000000000e+00
  +5.00000000000e+00
  +5.00000000000e+00
  +5.00000000000e+00
  +5.00000000000e+00
  +5.00000000000e+00
  +5.00000000000e+00
  +5.00000000000e+00
  +5.00000000000e+00
  +5.00000000000e+00
  +5.00000000000e+00
  +5.00000000000e+00
  +5.00000000000e+00
  +5.00000000000e+00
  +5.00000000000e+00
  +5.00000000000e+00
  +5.00000000000e+00
  +5.00000000000e+00
  +5.00000000000e+00
  +5.00000000000e+00
  +5.00000000000e+00
  +5.00000000000e+00
  +5.00000000000e+00
  +5.00000000000e+00
  +5.00000000000e+00
  +5.00000000000e+00
  +5.00000000000e+00
  +5.00000000000e+00
  +5.00000000000e+00
  +5.00000000000e+00
  +5.00000000000e+00
  +5.00000000000e+00
  +5.00000000000e+00
  +5.00000000000e+00
  +5.00000000000e+00
  +5.00000000000e+00
  +5.00000000000e+00
  +5.00000000000e+00
  +5.00000000000e+00
  +5.00000000000e+00
  +5.00000000000e+00
  +5.00000000000e+00
  +5.00000000000e+00
  +5.00000000000e+00
  +5.00000000000e+00
  +5.00000000000e+00
  +5.00000000000e+00
  +5.00000000000e+00
  +5.00000000000e+00
  +5.00000000000e+00
  +5.00000000000e+00
  +5.00000000000e+00
  +5.00000000000e+00
  +5.00000000000e+00
  +5.00000000000e+00
  +5.00000000000e+00
  +5.00000000000e+00
  +5.00000000000e+00
  +5.00000000000e+00
  +5.00000000000e+00
  +5.00000000000e+00
  +5.00000000000e+00
  +5.00000000000e+00
  +5.00000000000e+00
  +5.00000000000e+00
  +5.00000000000e+00
  +5.00000000000e+00
  +5.00000000000e+00
  +5.00000000000e+00
  +5.00000000000e+00
  +5.00000000000e+00
  +5.00000000000e+00
  +5.00000000000e+00
  +5.00000000000e+00
  +5.00000000000e+00
  +5.00000000000e+00
  +5.00000000000e+00
  +5.00000000000e+00
  +5.00000000000e+00
  +5.00000000000e+00
  +5.00000000000e+00
  +5.00000000000e+00
  +5.00000000000e+00
  +5.00000000000e+00
  +5.00000000000e+00
  +5.00000000000e+00
  +5.00000000000e+00
  +5.00000000000e+00
  +5.00000000000e+00
  +5.00000000000e+00
  +5.00000000000e+00
  +5.00000000000e+00
  +5.00000000000e+00
  +5.00000000000e+00
  +5.00000000000e+00
  +5.00000000000e+00
  +5.00000000000e+00
  +5.00000000000e+00
  +5.00000000000e+00
  +5.00000000000e+00
  +5.00000000000e+00
  +5.00000000000e+00
  +5.00000000000e+00
  +5.00000000000e+00
  +5.00000000000e+00
  +5.00000000000e+00
  +5.00000000000e+00
  +5.00000000000e+00
  +5.00000000000e+00
  +5.00000000000e+00
  +5.00000000000e+00
  +5.00000000000e+00
  +5.00000000000e+00
  +5.00000000000e+00
  +5.00000000000e+00
  +5.00000000000e+00
  +5.00000000000e+00
  +5.00000000000e+00
  +5.00000000000e+00
  +5.00000000000e+00
  +5.00000000000e+00
  +5.00000000000e+00
  +5.00000000000e+00
  +5.00000000000e+00
  +5.00000000000e+00
  +5.00000000000e+00
  +5.00000000000e+00
  +5.00000000000e+00
  +5.00000000000e+00
  +5.00000000000e+00
  +5.00000000000e+00
  +5.00000000000e+00
  +5.00000000000e+00
  +5.00000000000e+00
  +5.00000000000e+00
  +5.00000000000e+00
  +5.00000000000e+00
  +5.00000000000e+00
  +5.00000000000e+00
  +5.00000000000e+00
  +5.00000000000e+00
  +5.00000000000e+00
  +5.00000000000e+00
  +5.00000000000e+00
  +5.00000000000e+00
  +5.00000000000e+00
  +5.00000000000e+00
  +5.00000000000e+00
  +5.00000000000e+00
  +5.00000000000e+00
  +5.00000000000e+00
  +5.00000000000e+00
  +5.00000000000e+00
  +5.00000000000e+00
  +5.00000000000e+00
  +5.00000000000e+00
  +5.00000000000e+00
  +5.00000000000e+00
  +5.00000000000e+00
  +5.00000000000e+00
  +5.00000000000e+00
  +5.00000000000e+00
  +5.00000000000e+00
  +5.00000000000e+00
  +5.00000000000e+00
  +5.00000000000e+00
  +5.00000000000e+00
  +5.00000000000e+00
  +5.00000000000e+00
  +5.00000000000e+00
  +5.00000000000e+00
  +5.00000000000e+00
  +5.00000000000e+00
  +5.00000000000e+00
  +5.00000000000e+00
  +5.00000000000e+00
  +5.00000000000e+00
  +5.00000000000e+00
  +5.00000000000e+00
</dep>
