<Qucs Dataset 0.0.18>
<indep time 501>
  +0.00000000000e+000
  +4.00000000000e-005
  +8.00000000000e-005
  +1.20000000000e-004
  +1.60000000000e-004
  +2.00000000000e-004
  +2.40000000000e-004
  +2.80000000000e-004
  +3.20000000000e-004
  +3.60000000000e-004
  +4.00000000000e-004
  +4.40000000000e-004
  +4.80000000000e-004
  +5.20000000000e-004
  +5.60000000000e-004
  +6.00000000000e-004
  +6.40000000000e-004
  +6.80000000000e-004
  +7.20000000000e-004
  +7.60000000000e-004
  +8.00000000000e-004
  +8.40000000000e-004
  +8.80000000000e-004
  +9.20000000000e-004
  +9.60000000000e-004
  +1.00000000000e-003
  +1.04000000000e-003
  +1.08000000000e-003
  +1.12000000000e-003
  +1.16000000000e-003
  +1.20000000000e-003
  +1.24000000000e-003
  +1.28000000000e-003
  +1.32000000000e-003
  +1.36000000000e-003
  +1.40000000000e-003
  +1.44000000000e-003
  +1.48000000000e-003
  +1.52000000000e-003
  +1.56000000000e-003
  +1.60000000000e-003
  +1.64000000000e-003
  +1.68000000000e-003
  +1.72000000000e-003
  +1.76000000000e-003
  +1.80000000000e-003
  +1.84000000000e-003
  +1.88000000000e-003
  +1.92000000000e-003
  +1.96000000000e-003
  +2.00000000000e-003
  +2.04000000000e-003
  +2.08000000000e-003
  +2.12000000000e-003
  +2.16000000000e-003
  +2.20000000000e-003
  +2.24000000000e-003
  +2.28000000000e-003
  +2.32000000000e-003
  +2.36000000000e-003
  +2.40000000000e-003
  +2.44000000000e-003
  +2.48000000000e-003
  +2.52000000000e-003
  +2.56000000000e-003
  +2.60000000000e-003
  +2.64000000000e-003
  +2.68000000000e-003
  +2.72000000000e-003
  +2.76000000000e-003
  +2.80000000000e-003
  +2.84000000000e-003
  +2.88000000000e-003
  +2.92000000000e-003
  +2.96000000000e-003
  +3.00000000000e-003
  +3.04000000000e-003
  +3.08000000000e-003
  +3.12000000000e-003
  +3.16000000000e-003
  +3.20000000000e-003
  +3.24000000000e-003
  +3.28000000000e-003
  +3.32000000000e-003
  +3.36000000000e-003
  +3.40000000000e-003
  +3.44000000000e-003
  +3.48000000000e-003
  +3.52000000000e-003
  +3.56000000000e-003
  +3.60000000000e-003
  +3.64000000000e-003
  +3.68000000000e-003
  +3.72000000000e-003
  +3.76000000000e-003
  +3.80000000000e-003
  +3.84000000000e-003
  +3.88000000000e-003
  +3.92000000000e-003
  +3.96000000000e-003
  +4.00000000000e-003
  +4.04000000000e-003
  +4.08000000000e-003
  +4.12000000000e-003
  +4.16000000000e-003
  +4.20000000000e-003
  +4.24000000000e-003
  +4.28000000000e-003
  +4.32000000000e-003
  +4.36000000000e-003
  +4.40000000000e-003
  +4.44000000000e-003
  +4.48000000000e-003
  +4.52000000000e-003
  +4.56000000000e-003
  +4.60000000000e-003
  +4.64000000000e-003
  +4.68000000000e-003
  +4.72000000000e-003
  +4.76000000000e-003
  +4.80000000000e-003
  +4.84000000000e-003
  +4.88000000000e-003
  +4.92000000000e-003
  +4.96000000000e-003
  +5.00000000000e-003
  +5.04000000000e-003
  +5.08000000000e-003
  +5.12000000000e-003
  +5.16000000000e-003
  +5.20000000000e-003
  +5.24000000000e-003
  +5.28000000000e-003
  +5.32000000000e-003
  +5.36000000000e-003
  +5.40000000000e-003
  +5.44000000000e-003
  +5.48000000000e-003
  +5.52000000000e-003
  +5.56000000000e-003
  +5.60000000000e-003
  +5.64000000000e-003
  +5.68000000000e-003
  +5.72000000000e-003
  +5.76000000000e-003
  +5.80000000000e-003
  +5.84000000000e-003
  +5.88000000000e-003
  +5.92000000000e-003
  +5.96000000000e-003
  +6.00000000000e-003
  +6.04000000000e-003
  +6.08000000000e-003
  +6.12000000000e-003
  +6.16000000000e-003
  +6.20000000000e-003
  +6.24000000000e-003
  +6.28000000000e-003
  +6.32000000000e-003
  +6.36000000000e-003
  +6.40000000000e-003
  +6.44000000000e-003
  +6.48000000000e-003
  +6.52000000000e-003
  +6.56000000000e-003
  +6.60000000000e-003
  +6.64000000000e-003
  +6.68000000000e-003
  +6.72000000000e-003
  +6.76000000000e-003
  +6.80000000000e-003
  +6.84000000000e-003
  +6.88000000000e-003
  +6.92000000000e-003
  +6.96000000000e-003
  +7.00000000000e-003
  +7.04000000000e-003
  +7.08000000000e-003
  +7.12000000000e-003
  +7.16000000000e-003
  +7.20000000000e-003
  +7.24000000000e-003
  +7.28000000000e-003
  +7.32000000000e-003
  +7.36000000000e-003
  +7.40000000000e-003
  +7.44000000000e-003
  +7.48000000000e-003
  +7.52000000000e-003
  +7.56000000000e-003
  +7.60000000000e-003
  +7.64000000000e-003
  +7.68000000000e-003
  +7.72000000000e-003
  +7.76000000000e-003
  +7.80000000000e-003
  +7.84000000000e-003
  +7.88000000000e-003
  +7.92000000000e-003
  +7.96000000000e-003
  +8.00000000000e-003
  +8.04000000000e-003
  +8.08000000000e-003
  +8.12000000000e-003
  +8.16000000000e-003
  +8.20000000000e-003
  +8.24000000000e-003
  +8.28000000000e-003
  +8.32000000000e-003
  +8.36000000000e-003
  +8.40000000000e-003
  +8.44000000000e-003
  +8.48000000000e-003
  +8.52000000000e-003
  +8.56000000000e-003
  +8.60000000000e-003
  +8.64000000000e-003
  +8.68000000000e-003
  +8.72000000000e-003
  +8.76000000000e-003
  +8.80000000000e-003
  +8.84000000000e-003
  +8.88000000000e-003
  +8.92000000000e-003
  +8.96000000000e-003
  +9.00000000000e-003
  +9.04000000000e-003
  +9.08000000000e-003
  +9.12000000000e-003
  +9.16000000000e-003
  +9.20000000000e-003
  +9.24000000000e-003
  +9.28000000000e-003
  +9.32000000000e-003
  +9.36000000000e-003
  +9.40000000000e-003
  +9.44000000000e-003
  +9.48000000000e-003
  +9.52000000000e-003
  +9.56000000000e-003
  +9.60000000000e-003
  +9.64000000000e-003
  +9.68000000000e-003
  +9.72000000000e-003
  +9.76000000000e-003
  +9.80000000000e-003
  +9.84000000000e-003
  +9.88000000000e-003
  +9.92000000000e-003
  +9.96000000000e-003
  +1.00000000000e-002
  +1.00400000000e-002
  +1.00800000000e-002
  +1.01200000000e-002
  +1.01600000000e-002
  +1.02000000000e-002
  +1.02400000000e-002
  +1.02800000000e-002
  +1.03200000000e-002
  +1.03600000000e-002
  +1.04000000000e-002
  +1.04400000000e-002
  +1.04800000000e-002
  +1.05200000000e-002
  +1.05600000000e-002
  +1.06000000000e-002
  +1.06400000000e-002
  +1.06800000000e-002
  +1.07200000000e-002
  +1.07600000000e-002
  +1.08000000000e-002
  +1.08400000000e-002
  +1.08800000000e-002
  +1.09200000000e-002
  +1.09600000000e-002
  +1.10000000000e-002
  +1.10400000000e-002
  +1.10800000000e-002
  +1.11200000000e-002
  +1.11600000000e-002
  +1.12000000000e-002
  +1.12400000000e-002
  +1.12800000000e-002
  +1.13200000000e-002
  +1.13600000000e-002
  +1.14000000000e-002
  +1.14400000000e-002
  +1.14800000000e-002
  +1.15200000000e-002
  +1.15600000000e-002
  +1.16000000000e-002
  +1.16400000000e-002
  +1.16800000000e-002
  +1.17200000000e-002
  +1.17600000000e-002
  +1.18000000000e-002
  +1.18400000000e-002
  +1.18800000000e-002
  +1.19200000000e-002
  +1.19600000000e-002
  +1.20000000000e-002
  +1.20400000000e-002
  +1.20800000000e-002
  +1.21200000000e-002
  +1.21600000000e-002
  +1.22000000000e-002
  +1.22400000000e-002
  +1.22800000000e-002
  +1.23200000000e-002
  +1.23600000000e-002
  +1.24000000000e-002
  +1.24400000000e-002
  +1.24800000000e-002
  +1.25200000000e-002
  +1.25600000000e-002
  +1.26000000000e-002
  +1.26400000000e-002
  +1.26800000000e-002
  +1.27200000000e-002
  +1.27600000000e-002
  +1.28000000000e-002
  +1.28400000000e-002
  +1.28800000000e-002
  +1.29200000000e-002
  +1.29600000000e-002
  +1.30000000000e-002
  +1.30400000000e-002
  +1.30800000000e-002
  +1.31200000000e-002
  +1.31600000000e-002
  +1.32000000000e-002
  +1.32400000000e-002
  +1.32800000000e-002
  +1.33200000000e-002
  +1.33600000000e-002
  +1.34000000000e-002
  +1.34400000000e-002
  +1.34800000000e-002
  +1.35200000000e-002
  +1.35600000000e-002
  +1.36000000000e-002
  +1.36400000000e-002
  +1.36800000000e-002
  +1.37200000000e-002
  +1.37600000000e-002
  +1.38000000000e-002
  +1.38400000000e-002
  +1.38800000000e-002
  +1.39200000000e-002
  +1.39600000000e-002
  +1.40000000000e-002
  +1.40400000000e-002
  +1.40800000000e-002
  +1.41200000000e-002
  +1.41600000000e-002
  +1.42000000000e-002
  +1.42400000000e-002
  +1.42800000000e-002
  +1.43200000000e-002
  +1.43600000000e-002
  +1.44000000000e-002
  +1.44400000000e-002
  +1.44800000000e-002
  +1.45200000000e-002
  +1.45600000000e-002
  +1.46000000000e-002
  +1.46400000000e-002
  +1.46800000000e-002
  +1.47200000000e-002
  +1.47600000000e-002
  +1.48000000000e-002
  +1.48400000000e-002
  +1.48800000000e-002
  +1.49200000000e-002
  +1.49600000000e-002
  +1.50000000000e-002
  +1.50400000000e-002
  +1.50800000000e-002
  +1.51200000000e-002
  +1.51600000000e-002
  +1.52000000000e-002
  +1.52400000000e-002
  +1.52800000000e-002
  +1.53200000000e-002
  +1.53600000000e-002
  +1.54000000000e-002
  +1.54400000000e-002
  +1.54800000000e-002
  +1.55200000000e-002
  +1.55600000000e-002
  +1.56000000000e-002
  +1.56400000000e-002
  +1.56800000000e-002
  +1.57200000000e-002
  +1.57600000000e-002
  +1.58000000000e-002
  +1.58400000000e-002
  +1.58800000000e-002
  +1.59200000000e-002
  +1.59600000000e-002
  +1.60000000000e-002
  +1.60400000000e-002
  +1.60800000000e-002
  +1.61200000000e-002
  +1.61600000000e-002
  +1.62000000000e-002
  +1.62400000000e-002
  +1.62800000000e-002
  +1.63200000000e-002
  +1.63600000000e-002
  +1.64000000000e-002
  +1.64400000000e-002
  +1.64800000000e-002
  +1.65200000000e-002
  +1.65600000000e-002
  +1.66000000000e-002
  +1.66400000000e-002
  +1.66800000000e-002
  +1.67200000000e-002
  +1.67600000000e-002
  +1.68000000000e-002
  +1.68400000000e-002
  +1.68800000000e-002
  +1.69200000000e-002
  +1.69600000000e-002
  +1.70000000000e-002
  +1.70400000000e-002
  +1.70800000000e-002
  +1.71200000000e-002
  +1.71600000000e-002
  +1.72000000000e-002
  +1.72400000000e-002
  +1.72800000000e-002
  +1.73200000000e-002
  +1.73600000000e-002
  +1.74000000000e-002
  +1.74400000000e-002
  +1.74800000000e-002
  +1.75200000000e-002
  +1.75600000000e-002
  +1.76000000000e-002
  +1.76400000000e-002
  +1.76800000000e-002
  +1.77200000000e-002
  +1.77600000000e-002
  +1.78000000000e-002
  +1.78400000000e-002
  +1.78800000000e-002
  +1.79200000000e-002
  +1.79600000000e-002
  +1.80000000000e-002
  +1.80400000000e-002
  +1.80800000000e-002
  +1.81200000000e-002
  +1.81600000000e-002
  +1.82000000000e-002
  +1.82400000000e-002
  +1.82800000000e-002
  +1.83200000000e-002
  +1.83600000000e-002
  +1.84000000000e-002
  +1.84400000000e-002
  +1.84800000000e-002
  +1.85200000000e-002
  +1.85600000000e-002
  +1.86000000000e-002
  +1.86400000000e-002
  +1.86800000000e-002
  +1.87200000000e-002
  +1.87600000000e-002
  +1.88000000000e-002
  +1.88400000000e-002
  +1.88800000000e-002
  +1.89200000000e-002
  +1.89600000000e-002
  +1.90000000000e-002
  +1.90400000000e-002
  +1.90800000000e-002
  +1.91200000000e-002
  +1.91600000000e-002
  +1.92000000000e-002
  +1.92400000000e-002
  +1.92800000000e-002
  +1.93200000000e-002
  +1.93600000000e-002
  +1.94000000000e-002
  +1.94400000000e-002
  +1.94800000000e-002
  +1.95200000000e-002
  +1.95600000000e-002
  +1.96000000000e-002
  +1.96400000000e-002
  +1.96800000000e-002
  +1.97200000000e-002
  +1.97600000000e-002
  +1.98000000000e-002
  +1.98400000000e-002
  +1.98800000000e-002
  +1.99200000000e-002
  +1.99600000000e-002
  +2.00000000000e-002
</indep>
<dep Ve.Vt time>
  +0.00000000000e+000
  +2.51300954433e-001
  +5.02443181798e-001
  +7.53268055279e-001
  +1.00361714851e+000
  +1.25333233564e+000
  +1.50225589121e+000
  +1.75023058975e+000
  +1.99709980514e+000
  +2.24270760949e+000
  +2.48689887165e+000
  +2.72951935517e+000
  +2.97041581577e+000
  +3.20943609807e+000
  +3.44642923175e+000
  +3.68124552685e+000
  +3.91373666837e+000
  +4.14375580993e+000
  +4.37115766651e+000
  +4.59579860621e+000
  +4.81753674102e+000
  +5.03623201636e+000
  +5.25174629961e+000
  +5.46394346734e+000
  +5.67268949127e+000
  +5.87785252292e+000
  +6.07930297695e+000
  +6.27691361291e+000
  +6.47055961569e+000
  +6.66011867434e+000
  +6.84547105929e+000
  +7.02649969799e+000
  +7.20309024888e+000
  +7.37513117358e+000
  +7.54251380736e+000
  +7.70513242776e+000
  +7.86288432137e+000
  +8.01566984871e+000
  +8.16339250717e+000
  +8.30595899196e+000
  +8.44327925502e+000
  +8.57526656194e+000
  +8.70183754670e+000
  +8.82291226435e+000
  +8.93841424151e+000
  +9.04827052466e+000
  +9.15241172621e+000
  +9.25077206834e+000
  +9.34328942457e+000
  +9.42990535893e+000
  +9.51056516295e+000
  +9.58521789017e+000
  +9.65381638833e+000
  +9.71631732915e+000
  +9.77268123568e+000
  +9.82287250729e+000
  +9.86685944208e+000
  +9.90461425697e+000
  +9.93611310520e+000
  +9.96133609143e+000
  +9.98026728428e+000
  +9.99289472641e+000
  +9.99921044204e+000
  +9.99921044204e+000
  +9.99289472641e+000
  +9.98026728428e+000
  +9.96133609143e+000
  +9.93611310520e+000
  +9.90461425697e+000
  +9.86685944208e+000
  +9.82287250729e+000
  +9.77268123568e+000
  +9.71631732915e+000
  +9.65381638833e+000
  +9.58521789017e+000
  +9.51056516295e+000
  +9.42990535893e+000
  +9.34328942457e+000
  +9.25077206834e+000
  +9.15241172621e+000
  +9.04827052466e+000
  +8.93841424151e+000
  +8.82291226435e+000
  +8.70183754670e+000
  +8.57526656194e+000
  +8.44327925502e+000
  +8.30595899196e+000
  +8.16339250717e+000
  +8.01566984871e+000
  +7.86288432137e+000
  +7.70513242776e+000
  +7.54251380736e+000
  +7.37513117358e+000
  +7.20309024888e+000
  +7.02649969799e+000
  +6.84547105929e+000
  +6.66011867434e+000
  +6.47055961569e+000
  +6.27691361291e+000
  +6.07930297695e+000
  +5.87785252292e+000
  +5.67268949127e+000
  +5.46394346734e+000
  +5.25174629961e+000
  +5.03623201636e+000
  +4.81753674102e+000
  +4.59579860621e+000
  +4.37115766651e+000
  +4.14375580993e+000
  +3.91373666837e+000
  +3.68124552685e+000
  +3.44642923175e+000
  +3.20943609807e+000
  +2.97041581577e+000
  +2.72951935517e+000
  +2.48689887165e+000
  +2.24270760949e+000
  +1.99709980514e+000
  +1.75023058975e+000
  +1.50225589121e+000
  +1.25333233564e+000
  +1.00361714851e+000
  +7.53268055279e-001
  +5.02443181798e-001
  +2.51300954433e-001
  +1.22460635382e-015
  -2.51300954433e-001
  -5.02443181798e-001
  -7.53268055279e-001
  -1.00361714851e+000
  -1.25333233564e+000
  -1.50225589121e+000
  -1.75023058975e+000
  -1.99709980514e+000
  -2.24270760949e+000
  -2.48689887165e+000
  -2.72951935517e+000
  -2.97041581577e+000
  -3.20943609807e+000
  -3.44642923175e+000
  -3.68124552685e+000
  -3.91373666837e+000
  -4.14375580993e+000
  -4.37115766651e+000
  -4.59579860621e+000
  -4.81753674102e+000
  -5.03623201636e+000
  -5.25174629961e+000
  -5.46394346734e+000
  -5.67268949127e+000
  -5.87785252292e+000
  -6.07930297695e+000
  -6.27691361291e+000
  -6.47055961569e+000
  -6.66011867434e+000
  -6.84547105929e+000
  -7.02649969799e+000
  -7.20309024888e+000
  -7.37513117358e+000
  -7.54251380736e+000
  -7.70513242776e+000
  -7.86288432137e+000
  -8.01566984871e+000
  -8.16339250717e+000
  -8.30595899196e+000
  -8.44327925502e+000
  -8.57526656194e+000
  -8.70183754670e+000
  -8.82291226435e+000
  -8.93841424151e+000
  -9.04827052466e+000
  -9.15241172621e+000
  -9.25077206834e+000
  -9.34328942457e+000
  -9.42990535893e+000
  -9.51056516295e+000
  -9.58521789017e+000
  -9.65381638833e+000
  -9.71631732915e+000
  -9.77268123568e+000
  -9.82287250729e+000
  -9.86685944208e+000
  -9.90461425697e+000
  -9.93611310520e+000
  -9.96133609143e+000
  -9.98026728428e+000
  -9.99289472641e+000
  -9.99921044204e+000
  -9.99921044204e+000
  -9.99289472641e+000
  -9.98026728428e+000
  -9.96133609143e+000
  -9.93611310520e+000
  -9.90461425697e+000
  -9.86685944208e+000
  -9.82287250729e+000
  -9.77268123568e+000
  -9.71631732915e+000
  -9.65381638833e+000
  -9.58521789017e+000
  -9.51056516295e+000
  -9.42990535893e+000
  -9.34328942457e+000
  -9.25077206834e+000
  -9.15241172621e+000
  -9.04827052466e+000
  -8.93841424151e+000
  -8.82291226435e+000
  -8.70183754670e+000
  -8.57526656194e+000
  -8.44327925502e+000
  -8.30595899196e+000
  -8.16339250717e+000
  -8.01566984871e+000
  -7.86288432137e+000
  -7.70513242776e+000
  -7.54251380736e+000
  -7.37513117358e+000
  -7.20309024888e+000
  -7.02649969799e+000
  -6.84547105929e+000
  -6.66011867434e+000
  -6.47055961569e+000
  -6.27691361291e+000
  -6.07930297695e+000
  -5.87785252292e+000
  -5.67268949127e+000
  -5.46394346734e+000
  -5.25174629961e+000
  -5.03623201636e+000
  -4.81753674102e+000
  -4.59579860621e+000
  -4.37115766651e+000
  -4.14375580993e+000
  -3.91373666837e+000
  -3.68124552685e+000
  -3.44642923175e+000
  -3.20943609807e+000
  -2.97041581577e+000
  -2.72951935517e+000
  -2.48689887165e+000
  -2.24270760949e+000
  -1.99709980514e+000
  -1.75023058975e+000
  -1.50225589121e+000
  -1.25333233564e+000
  -1.00361714851e+000
  -7.53268055279e-001
  -5.02443181798e-001
  -2.51300954433e-001
  -2.44921270764e-015
  +2.51300954433e-001
  +5.02443181798e-001
  +7.53268055279e-001
  +1.00361714851e+000
  +1.25333233564e+000
  +1.50225589121e+000
  +1.75023058975e+000
  +1.99709980514e+000
  +2.24270760949e+000
  +2.48689887165e+000
  +2.72951935517e+000
  +2.97041581577e+000
  +3.20943609807e+000
  +3.44642923175e+000
  +3.68124552685e+000
  +3.91373666837e+000
  +4.14375580993e+000
  +4.37115766651e+000
  +4.59579860621e+000
  +4.81753674102e+000
  +5.03623201636e+000
  +5.25174629961e+000
  +5.46394346734e+000
  +5.67268949127e+000
  +5.87785252292e+000
  +6.07930297695e+000
  +6.27691361291e+000
  +6.47055961569e+000
  +6.66011867434e+000
  +6.84547105929e+000
  +7.02649969799e+000
  +7.20309024888e+000
  +7.37513117358e+000
  +7.54251380736e+000
  +7.70513242776e+000
  +7.86288432137e+000
  +8.01566984871e+000
  +8.16339250717e+000
  +8.30595899196e+000
  +8.44327925502e+000
  +8.57526656194e+000
  +8.70183754670e+000
  +8.82291226435e+000
  +8.93841424151e+000
  +9.04827052466e+000
  +9.15241172621e+000
  +9.25077206834e+000
  +9.34328942457e+000
  +9.42990535893e+000
  +9.51056516295e+000
  +9.58521789017e+000
  +9.65381638833e+000
  +9.71631732915e+000
  +9.77268123568e+000
  +9.82287250729e+000
  +9.86685944208e+000
  +9.90461425697e+000
  +9.93611310520e+000
  +9.96133609143e+000
  +9.98026728428e+000
  +9.99289472641e+000
  +9.99921044204e+000
  +9.99921044204e+000
  +9.99289472641e+000
  +9.98026728428e+000
  +9.96133609143e+000
  +9.93611310520e+000
  +9.90461425697e+000
  +9.86685944208e+000
  +9.82287250729e+000
  +9.77268123568e+000
  +9.71631732915e+000
  +9.65381638833e+000
  +9.58521789017e+000
  +9.51056516295e+000
  +9.42990535893e+000
  +9.34328942457e+000
  +9.25077206834e+000
  +9.15241172621e+000
  +9.04827052466e+000
  +8.93841424151e+000
  +8.82291226435e+000
  +8.70183754670e+000
  +8.57526656194e+000
  +8.44327925502e+000
  +8.30595899196e+000
  +8.16339250717e+000
  +8.01566984871e+000
  +7.86288432137e+000
  +7.70513242776e+000
  +7.54251380736e+000
  +7.37513117358e+000
  +7.20309024888e+000
  +7.02649969799e+000
  +6.84547105929e+000
  +6.66011867434e+000
  +6.47055961569e+000
  +6.27691361291e+000
  +6.07930297695e+000
  +5.87785252292e+000
  +5.67268949127e+000
  +5.46394346734e+000
  +5.25174629961e+000
  +5.03623201636e+000
  +4.81753674102e+000
  +4.59579860621e+000
  +4.37115766651e+000
  +4.14375580993e+000
  +3.91373666837e+000
  +3.68124552685e+000
  +3.44642923175e+000
  +3.20943609807e+000
  +2.97041581577e+000
  +2.72951935517e+000
  +2.48689887165e+000
  +2.24270760949e+000
  +1.99709980514e+000
  +1.75023058975e+000
  +1.50225589121e+000
  +1.25333233564e+000
  +1.00361714851e+000
  +7.53268055279e-001
  +5.02443181798e-001
  +2.51300954433e-001
  +3.67381906147e-015
  -2.51300954433e-001
  -5.02443181798e-001
  -7.53268055279e-001
  -1.00361714851e+000
  -1.25333233564e+000
  -1.50225589121e+000
  -1.75023058975e+000
  -1.99709980514e+000
  -2.24270760949e+000
  -2.48689887165e+000
  -2.72951935517e+000
  -2.97041581577e+000
  -3.20943609807e+000
  -3.44642923175e+000
  -3.68124552685e+000
  -3.91373666837e+000
  -4.14375580993e+000
  -4.37115766651e+000
  -4.59579860621e+000
  -4.81753674102e+000
  -5.03623201636e+000
  -5.25174629961e+000
  -5.46394346734e+000
  -5.67268949127e+000
  -5.87785252292e+000
  -6.07930297695e+000
  -6.27691361291e+000
  -6.47055961569e+000
  -6.66011867434e+000
  -6.84547105929e+000
  -7.02649969799e+000
  -7.20309024888e+000
  -7.37513117358e+000
  -7.54251380736e+000
  -7.70513242776e+000
  -7.86288432137e+000
  -8.01566984871e+000
  -8.16339250717e+000
  -8.30595899196e+000
  -8.44327925502e+000
  -8.57526656194e+000
  -8.70183754670e+000
  -8.82291226435e+000
  -8.93841424151e+000
  -9.04827052466e+000
  -9.15241172621e+000
  -9.25077206834e+000
  -9.34328942457e+000
  -9.42990535893e+000
  -9.51056516295e+000
  -9.58521789017e+000
  -9.65381638833e+000
  -9.71631732915e+000
  -9.77268123568e+000
  -9.82287250729e+000
  -9.86685944208e+000
  -9.90461425697e+000
  -9.93611310520e+000
  -9.96133609143e+000
  -9.98026728428e+000
  -9.99289472641e+000
  -9.99921044204e+000
  -9.99921044204e+000
  -9.99289472641e+000
  -9.98026728428e+000
  -9.96133609143e+000
  -9.93611310520e+000
  -9.90461425697e+000
  -9.86685944208e+000
  -9.82287250729e+000
  -9.77268123568e+000
  -9.71631732915e+000
  -9.65381638833e+000
  -9.58521789017e+000
  -9.51056516295e+000
  -9.42990535893e+000
  -9.34328942457e+000
  -9.25077206834e+000
  -9.15241172621e+000
  -9.04827052466e+000
  -8.93841424151e+000
  -8.82291226435e+000
  -8.70183754670e+000
  -8.57526656194e+000
  -8.44327925502e+000
  -8.30595899196e+000
  -8.16339250717e+000
  -8.01566984871e+000
  -7.86288432137e+000
  -7.70513242776e+000
  -7.54251380736e+000
  -7.37513117358e+000
  -7.20309024888e+000
  -7.02649969799e+000
  -6.84547105929e+000
  -6.66011867434e+000
  -6.47055961569e+000
  -6.27691361291e+000
  -6.07930297695e+000
  -5.87785252292e+000
  -5.67268949127e+000
  -5.46394346734e+000
  -5.25174629961e+000
  -5.03623201636e+000
  -4.81753674102e+000
  -4.59579860621e+000
  -4.37115766651e+000
  -4.14375580993e+000
  -3.91373666837e+000
  -3.68124552685e+000
  -3.44642923175e+000
  -3.20943609807e+000
  -2.97041581577e+000
  -2.72951935517e+000
  -2.48689887165e+000
  -2.24270760949e+000
  -1.99709980514e+000
  -1.75023058975e+000
  -1.50225589121e+000
  -1.25333233564e+000
  -1.00361714851e+000
  -7.53268055279e-001
  -5.02443181798e-001
  -2.51300954433e-001
  -4.89842541529e-015
</dep>
<dep Vs.Vt time>
  +0.00000000000e+000
  +5.87469686786e-009
  +2.89687897559e-008
  +2.14494785894e-006
  +2.67794816938e-004
  +2.20107297735e-002
  +1.66357234207e-001
  +3.72634632089e-001
  +5.95283621379e-001
  +8.24075985189e-001
  +1.05547151958e+000
  +1.28780538188e+000
  +1.52012651494e+000
  +1.75181220257e+000
  +1.98241144635e+000
  +2.21157185997e+000
  +2.43900192905e+000
  +2.66444997988e+000
  +2.88769173682e+000
  +3.10852259978e+000
  +3.32675266139e+000
  +3.54220338766e+000
  +3.75470534827e+000
  +3.96409663077e+000
  +4.17022171336e+000
  +4.37293065262e+000
  +4.57207849221e+000
  +4.76752482970e+000
  +4.95913349808e+000
  +5.14677233212e+000
  +5.33031299783e+000
  +5.50963086977e+000
  +5.68460494464e+000
  +5.85511778277e+000
  +6.02105547122e+000
  +6.18230760352e+000
  +6.33876727243e+000
  +6.49033107269e+000
  +6.63689911172e+000
  +6.77837502612e+000
  +6.91466600292e+000
  +7.04568280408e+000
  +7.17133979358e+000
  +7.29155496607e+000
  +7.40624997674e+000
  +7.51535017160e+000
  +7.61878461798e+000
  +7.71648613465e+000
  +7.80839132156e+000
  +7.89444058859e+000
  +7.97457818336e+000
  +8.04875221782e+000
  +8.11691469344e+000
  +8.17902152485e+000
  +8.23503256192e+000
  +8.28491161006e+000
  +8.32862644871e+000
  +8.36614884793e+000
  +8.39745458309e+000
  +8.42252344748e+000
  +8.44133926292e+000
  +8.45388988828e+000
  +8.46016722592e+000
  +8.46016722592e+000
  +8.45388988829e+000
  +8.44133926293e+000
  +8.42252344750e+000
  +8.39745458312e+000
  +8.36614884796e+000
  +8.32862644874e+000
  +8.28491161010e+000
  +8.23503256196e+000
  +8.17902152490e+000
  +8.11691469349e+000
  +8.04875221788e+000
  +7.97457818342e+000
  +7.89444058866e+000
  +7.80839132164e+000
  +7.71648613474e+000
  +7.61878461807e+000
  +7.51535017170e+000
  +7.40624997685e+000
  +7.29155496618e+000
  +7.17133979370e+000
  +7.04568280422e+000
  +6.91466600306e+000
  +6.77837502627e+000
  +6.63689911188e+000
  +6.49033107286e+000
  +6.33876727261e+000
  +6.18230760372e+000
  +6.02105547143e+000
  +5.85511778299e+000
  +5.68460494488e+000
  +5.50963087003e+000
  +5.33031299810e+000
  +5.14677233241e+000
  +4.95913349840e+000
  +4.76752483004e+000
  +4.57207849258e+000
  +4.37293065301e+000
  +4.17022171379e+000
  +3.96409663124e+000
  +3.75470534878e+000
  +3.54220338821e+000
  +3.32675266200e+000
  +3.10852260046e+000
  +2.88769173758e+000
  +2.66444998073e+000
  +2.43900193000e+000
  +2.21157186106e+000
  +1.98241144761e+000
  +1.75181220404e+000
  +1.52012651669e+000
  +1.28780538401e+000
  +1.05547152225e+000
  +8.24075988661e-001
  +5.95283626142e-001
  +3.72634639106e-001
  +1.66357244768e-001
  +2.20107117234e-002
  +2.67741524702e-004
  +2.10921755084e-006
  +1.01843946609e-008
  +1.35873368112e-010
  +5.73137278412e-009
  +1.16165898567e-008
  +3.46543021501e-008
  +2.15063311182e-006
  +2.67800473102e-004
  +2.20107337613e-002
  +1.66357235555e-001
  +3.72634632781e-001
  +5.95283621834e-001
  +8.24075985525e-001
  +1.05547151985e+000
  +1.28780538210e+000
  +1.52012651512e+000
  +1.75181220273e+000
  +1.98241144650e+000
  +2.21157186010e+000
  +2.43900192916e+000
  +2.66444997999e+000
  +2.88769173692e+000
  +3.10852259988e+000
  +3.32675266147e+000
  +3.54220338774e+000
  +3.75470534835e+000
  +3.96409663085e+000
  +4.17022171343e+000
  +4.37293065268e+000
  +4.57207849228e+000
  +4.76752482976e+000
  +4.95913349814e+000
  +5.14677233217e+000
  +5.33031299788e+000
  +5.50963086983e+000
  +5.68460494469e+000
  +5.85511778282e+000
  +6.02105547127e+000
  +6.18230760357e+000
  +6.33876727247e+000
  +6.49033107274e+000
  +6.63689911176e+000
  +6.77837502617e+000
  +6.91466600296e+000
  +7.04568280413e+000
  +7.17133979362e+000
  +7.29155496611e+000
  +7.40624997678e+000
  +7.51535017164e+000
  +7.61878461801e+000
  +7.71648613469e+000
  +7.80839132160e+000
  +7.89444058862e+000
  +7.97457818339e+000
  +8.04875221786e+000
  +8.11691469348e+000
  +8.17902152489e+000
  +8.23503256196e+000
  +8.28491161009e+000
  +8.32862644874e+000
  +8.36614884797e+000
  +8.39745458313e+000
  +8.42252344752e+000
  +8.44133926296e+000
  +8.45388988832e+000
  +8.46016722595e+000
  +8.46016722595e+000
  +8.45388988833e+000
  +8.44133926297e+000
  +8.42252344754e+000
  +8.39745458315e+000
  +8.36614884799e+000
  +8.32862644877e+000
  +8.28491161013e+000
  +8.23503256200e+000
  +8.17902152493e+000
  +8.11691469353e+000
  +8.04875221792e+000
  +7.97457818346e+000
  +7.89444058869e+000
  +7.80839132168e+000
  +7.71648613477e+000
  +7.61878461811e+000
  +7.51535017174e+000
  +7.40624997688e+000
  +7.29155496622e+000
  +7.17133979374e+000
  +7.04568280426e+000
  +6.91466600310e+000
  +6.77837502631e+000
  +6.63689911192e+000
  +6.49033107291e+000
  +6.33876727265e+000
  +6.18230760376e+000
  +6.02105547148e+000
  +5.85511778304e+000
  +5.68460494493e+000
  +5.50963087008e+000
  +5.33031299816e+000
  +5.14677233246e+000
  +4.95913349846e+000
  +4.76752483010e+000
  +4.57207849264e+000
  +4.37293065308e+000
  +4.17022171386e+000
  +3.96409663131e+000
  +3.75470534885e+000
  +3.54220338830e+000
  +3.32675266208e+000
  +3.10852260055e+000
  +2.88769173768e+000
  +2.66444998084e+000
  +2.43900193012e+000
  +2.21157186119e+000
  +1.98241144775e+000
  +1.75181220420e+000
  +1.52012651688e+000
  +1.28780538423e+000
  +1.05547152252e+000
  +8.24075988997e-001
  +5.95283626597e-001
  +3.72634639799e-001
  +1.66357246116e-001
  +2.20107157111e-002
  +2.67747180713e-004
  +2.11490259044e-006
  +1.58696387698e-008
  +5.82109349612e-009
  +1.14165676921e-008
  +1.73017594418e-008
  +4.03394437853e-008
  +2.15631799388e-006
  +2.67806128897e-004
  +2.20107377489e-002
  +1.66357236903e-001
  +3.72634633474e-001
  +5.95283622288e-001
  +8.24075985860e-001
  +1.05547152011e+000
  +1.28780538232e+000
  +1.52012651531e+000
  +1.75181220290e+000
  +1.98241144664e+000
  +2.21157186023e+000
  +2.43900192928e+000
  +2.66444998010e+000
  +2.88769173702e+000
  +3.10852259997e+000
  +3.32675266156e+000
  +3.54220338782e+000
  +3.75470534842e+000
  +3.96409663092e+000
  +4.17022171350e+000
  +4.37293065275e+000
  +4.57207849234e+000
  +4.76752482982e+000
  +4.95913349820e+000
  +5.14677233223e+000
  +5.33031299794e+000
  +5.50963086988e+000
  +5.68460494474e+000
  +5.85511778287e+000
  +6.02105547132e+000
  +6.18230760362e+000
  +6.33876727252e+000
  +6.49033107278e+000
  +6.63689911181e+000
  +6.77837502621e+000
  +6.91466600300e+000
  +7.04568280417e+000
  +7.17133979366e+000
  +7.29155496615e+000
  +7.40624997682e+000
  +7.51535017168e+000
  +7.61878461805e+000
  +7.71648613473e+000
  +7.80839132163e+000
  +7.89444058866e+000
  +7.97457818343e+000
  +8.04875221790e+000
  +8.11691469351e+000
  +8.17902152492e+000
  +8.23503256199e+000
  +8.28491161013e+000
  +8.32862644878e+000
  +8.36614884800e+000
  +8.39745458316e+000
  +8.42252344755e+000
  +8.44133926299e+000
  +8.45388988835e+000
  +8.46016722599e+000
  +8.46016722599e+000
  +8.45388988836e+000
  +8.44133926300e+000
  +8.42252344757e+000
  +8.39745458319e+000
  +8.36614884803e+000
  +8.32862644881e+000
  +8.28491161017e+000
  +8.23503256203e+000
  +8.17902152497e+000
  +8.11691469357e+000
  +8.04875221796e+000
  +7.97457818350e+000
  +7.89444058873e+000
  +7.80839132171e+000
  +7.71648613481e+000
  +7.61878461814e+000
  +7.51535017178e+000
  +7.40624997692e+000
  +7.29155496626e+000
  +7.17133979378e+000
  +7.04568280430e+000
  +6.91466600314e+000
  +6.77837502636e+000
  +6.63689911197e+000
  +6.49033107295e+000
  +6.33876727270e+000
  +6.18230760381e+000
  +6.02105547152e+000
  +5.85511778309e+000
  +5.68460494498e+000
  +5.50963087013e+000
  +5.33031299821e+000
  +5.14677233252e+000
  +4.95913349851e+000
  +4.76752483016e+000
  +4.57207849271e+000
  +4.37293065314e+000
  +4.17022171393e+000
  +3.96409663138e+000
  +3.75470534893e+000
  +3.54220338838e+000
  +3.32675266217e+000
  +3.10852260065e+000
  +2.88769173778e+000
  +2.66444998094e+000
  +2.43900193024e+000
  +2.21157186132e+000
  +1.98241144790e+000
  +1.75181220437e+000
  +1.52012651706e+000
  +1.28780538445e+000
  +1.05547152278e+000
  +8.24075989333e-001
  +5.95283627051e-001
  +3.72634640491e-001
  +1.66357247464e-001
  +2.20107196986e-002
  +2.67752836355e-004
  +2.12058725929e-006
  +2.15545121196e-008
  +1.15059428929e-008
  +1.71013918591e-008
  +2.29865582679e-008
  +4.60242147171e-008
  +2.16200250525e-006
  +2.67811784323e-004
  +2.20107417361e-002
  +1.66357238251e-001
  +3.72634634167e-001
  +5.95283622742e-001
  +8.24075986196e-001
  +1.05547152038e+000
  +1.28780538254e+000
  +1.52012651550e+000
  +1.75181220306e+000
  +1.98241144679e+000
  +2.21157186036e+000
  +2.43900192940e+000
  +2.66444998021e+000
  +2.88769173712e+000
  +3.10852260006e+000
  +3.32675266165e+000
  +3.54220338790e+000
  +3.75470534850e+000
  +3.96409663099e+000
  +4.17022171357e+000
  +4.37293065282e+000
  +4.57207849241e+000
  +4.76752482988e+000
  +4.95913349826e+000
  +5.14677233229e+000
  +5.33031299799e+000
  +5.50963086993e+000
  +5.68460494480e+000
  +5.85511778292e+000
  +6.02105547137e+000
  +6.18230760366e+000
  +6.33876727256e+000
  +6.49033107283e+000
  +6.63689911185e+000
  +6.77837502625e+000
  +6.91466600305e+000
  +7.04568280421e+000
  +7.17133979370e+000
  +7.29155496619e+000
  +7.40624997686e+000
  +7.51535017172e+000
  +7.61878461809e+000
  +7.71648613476e+000
  +7.80839132167e+000
  +7.89444058870e+000
  +7.97457818347e+000
  +8.04875221793e+000
  +8.11691469355e+000
  +8.17902152496e+000
  +8.23503256203e+000
  +8.28491161017e+000
  +8.32862644881e+000
  +8.36614884804e+000
  +8.39745458320e+000
  +8.42252344759e+000
  +8.44133926302e+000
  +8.45388988839e+000
  +8.46016722602e+000
  +8.46016722602e+000
  +8.45388988839e+000
  +8.44133926304e+000
  +8.42252344760e+000
  +8.39745458322e+000
  +8.36614884806e+000
  +8.32862644884e+000
  +8.28491161020e+000
  +8.23503256207e+000
  +8.17902152501e+000
  +8.11691469360e+000
  +8.04875221799e+000
  +7.97457818353e+000
  +7.89444058877e+000
  +7.80839132175e+000
  +7.71648613485e+000
  +7.61878461818e+000
  +7.51535017182e+000
  +7.40624997696e+000
  +7.29155496630e+000
  +7.17133979382e+000
  +7.04568280434e+000
  +6.91466600319e+000
  +6.77837502640e+000
  +6.63689911201e+000
  +6.49033107300e+000
  +6.33876727275e+000
  +6.18230760386e+000
  +6.02105547157e+000
  +5.85511778314e+000
  +5.68460494503e+000
  +5.50963087019e+000
  +5.33031299827e+000
  +5.14677233258e+000
  +4.95913349857e+000
  +4.76752483022e+000
  +4.57207849277e+000
  +4.37293065321e+000
  +4.17022171400e+000
  +3.96409663146e+000
  +3.75470534901e+000
  +3.54220338846e+000
  +3.32675266226e+000
  +3.10852260074e+000
  +2.88769173788e+000
  +2.66444998105e+000
  +2.43900193035e+000
  +2.21157186145e+000
  +1.98241144804e+000
  +1.75181220453e+000
  +1.52012651725e+000
  +1.28780538467e+000
  +1.05547152305e+000
  +8.24075989668e-001
  +5.95283627505e-001
  +3.72634641184e-001
  +1.66357248812e-001
  +2.20107236858e-002
  +2.67758491629e-004
  +2.12627155743e-006
  +2.72390147660e-008
  +1.71904215862e-008
  +2.27858453090e-008
</dep>
<dep V1.It time>
  +0.00000000000e+000
  -6.37081050056e-011
  -8.28451957751e-011
  -2.19554727454e-009
  -2.67842842333e-007
  -2.20107893483e-005
  -1.66357307299e-004
  -3.72634703990e-004
  -5.95283689973e-004
  -8.24076050317e-004
  -1.05547158145e-003
  -1.28780544077e-003
  -1.52012657111e-003
  -1.75181225625e-003
  -1.98241149774e-003
  -2.21157190924e-003
  -2.43900197635e-003
  -2.66445002534e-003
  -2.88769178055e-003
  -3.10852264188e-003
  -3.32675270193e-003
  -3.54220342673e-003
  -3.75470538593e-003
  -3.96409666707e-003
  -4.17022174836e-003
  -4.37293068636e-003
  -4.57207852474e-003
  -4.76752486105e-003
  -4.95913352828e-003
  -5.14677236120e-003
  -5.33031302582e-003
  -5.50963089670e-003
  -5.68460497052e-003
  -5.85511780763e-003
  -6.02105549507e-003
  -6.18230762638e-003
  -6.33876729431e-003
  -6.49033109362e-003
  -6.63689913169e-003
  -6.77837504516e-003
  -6.91466602103e-003
  -7.04568282128e-003
  -7.17133980987e-003
  -7.29155498146e-003
  -7.40624999124e-003
  -7.51535018522e-003
  -7.61878463071e-003
  -7.71648614651e-003
  -7.80839133255e-003
  -7.89444059871e-003
  -7.97457819262e-003
  -8.04875222623e-003
  -8.11691470100e-003
  -8.17902153156e-003
  -8.23503256778e-003
  -8.28491161508e-003
  -8.32862645288e-003
  -8.36614885126e-003
  -8.39745458559e-003
  -8.42252344914e-003
  -8.44133926374e-003
  -8.45388988827e-003
  -8.46016722506e-003
  -8.46016722423e-003
  -8.45388988576e-003
  -8.44133925957e-003
  -8.42252344330e-003
  -8.39745457808e-003
  -8.36614884208e-003
  -8.32862644202e-003
  -8.28491160254e-003
  -8.23503255356e-003
  -8.17902151565e-003
  -8.11691468339e-003
  -8.04875220693e-003
  -7.97457817161e-003
  -7.89444057599e-003
  -7.80839130810e-003
  -7.71648612033e-003
  -7.61878460279e-003
  -7.51535015554e-003
  -7.40624995980e-003
  -7.29155494825e-003
  -7.17133977486e-003
  -7.04568278447e-003
  -6.91466598239e-003
  -6.77837500468e-003
  -6.63689908935e-003
  -6.49033104938e-003
  -6.33876724816e-003
  -6.18230757830e-003
  -6.02105544502e-003
  -5.85511775557e-003
  -5.68460491643e-003
  -5.50963084054e-003
  -5.33031296754e-003
  -5.14677230076e-003
  -4.95913346562e-003
  -4.76752479612e-003
  -4.57207845747e-003
  -4.37293061668e-003
  -4.17022167620e-003
  -3.96409659234e-003
  -3.75470530852e-003
  -3.54220334654e-003
  -3.32675261884e-003
  -3.10852255574e-003
  -2.88769169122e-003
  -2.66444993263e-003
  -2.43900188004e-003
  -2.21157180912e-003
  -1.98241139354e-003
  -1.75181214766e-003
  -1.52012645779e-003
  -1.28780532237e-003
  -1.05547145760e-003
  -8.24075920725e-004
  -5.95283554728e-004
  -3.72634564455e-004
  -1.66357169465e-004
  -2.20106531973e-005
  -2.67690721316e-007
  -2.05572362719e-009
  +4.66473166316e-011
  +6.07359910156e-011
  +6.01914477935e-011
  +6.11534642836e-011
  +8.02352739463e-011
  +2.19293711392e-009
  +2.67840203103e-007
  +2.20107850407e-005
  +1.66357300352e-004
  +3.72634696387e-004
  +5.95283682132e-004
  +8.24076042357e-004
  +1.05547157342e-003
  +1.28780543270e-003
  +1.52012656300e-003
  +1.75181224812e-003
  +1.98241148959e-003
  +2.21157190108e-003
  +2.43900196817e-003
  +2.66445001716e-003
  +2.88769177236e-003
  +3.10852263368e-003
  +3.32675269372e-003
  +3.54220341851e-003
  +3.75470537771e-003
  +3.96409665885e-003
  +4.17022174014e-003
  +4.37293067813e-003
  +4.57207851651e-003
  +4.76752485281e-003
  +4.95913352005e-003
  +5.14677235296e-003
  +5.33031301758e-003
  +5.50963088846e-003
  +5.68460496228e-003
  +5.85511779938e-003
  +6.02105548682e-003
  +6.18230761813e-003
  +6.33876728606e-003
  +6.49033108537e-003
  +6.63689912344e-003
  +6.77837503691e-003
  +6.91466601278e-003
  +7.04568281303e-003
  +7.17133980161e-003
  +7.29155497320e-003
  +7.40624998298e-003
  +7.51535017696e-003
  +7.61878462245e-003
  +7.71648613825e-003
  +7.80839132429e-003
  +7.89444059045e-003
  +7.97457818436e-003
  +8.04875221797e-003
  +8.11691469274e-003
  +8.17902152330e-003
  +8.23503255952e-003
  +8.28491160682e-003
  +8.32862644462e-003
  +8.36614884300e-003
  +8.39745457733e-003
  +8.42252344088e-003
  +8.44133925548e-003
  +8.45388988000e-003
  +8.46016721680e-003
  +8.46016721597e-003
  +8.45388987750e-003
  +8.44133925131e-003
  +8.42252343504e-003
  +8.39745456982e-003
  +8.36614883382e-003
  +8.32862643376e-003
  +8.28491159428e-003
  +8.23503254530e-003
  +8.17902150739e-003
  +8.11691467513e-003
  +8.04875219867e-003
  +7.97457816335e-003
  +7.89444056773e-003
  +7.80839129984e-003
  +7.71648611207e-003
  +7.61878459453e-003
  +7.51535014729e-003
  +7.40624995154e-003
  +7.29155493999e-003
  +7.17133976661e-003
  +7.04568277621e-003
  +6.91466597414e-003
  +6.77837499643e-003
  +6.63689908110e-003
  +6.49033104113e-003
  +6.33876723992e-003
  +6.18230757005e-003
  +6.02105543677e-003
  +5.85511774733e-003
  +5.68460490819e-003
  +5.50963083229e-003
  +5.33031295930e-003
  +5.14677229252e-003
  +4.95913345739e-003
  +4.76752478788e-003
  +4.57207844924e-003
  +4.37293060845e-003
  +4.17022166798e-003
  +3.96409658412e-003
  +3.75470530030e-003
  +3.54220333833e-003
  +3.32675261063e-003
  +3.10852254754e-003
  +2.88769168302e-003
  +2.66444992444e-003
  +2.43900187187e-003
  +2.21157180096e-003
  +1.98241138539e-003
  +1.75181213953e-003
  +1.52012644969e-003
  +1.28780531430e-003
  +1.05547144957e-003
  +8.24075912765e-004
  +5.95283546887e-004
  +3.72634556852e-004
  +1.66357162518e-004
  +2.20106488897e-005
  +2.67688082006e-007
  +2.05311336510e-009
  -4.92573530653e-011
  -6.33460288358e-011
  -6.28014863746e-011
  -6.37635013633e-011
  -8.28453052529e-011
  -2.19554690643e-009
  -2.67842783828e-007
  -2.20107859532e-005
  -1.66357298625e-004
  -3.72634694005e-004
  -5.95283679511e-004
  -8.24076039617e-004
  -1.05547157061e-003
  -1.28780542984e-003
  -1.52012656011e-003
  -1.75181224520e-003
  -1.98241148666e-003
  -2.21157189813e-003
  -2.43900196521e-003
  -2.66445001419e-003
  -2.88769176938e-003
  -3.10852263069e-003
  -3.32675269073e-003
  -3.54220341552e-003
  -3.75470537471e-003
  -3.96409665585e-003
  -4.17022173713e-003
  -4.37293067512e-003
  -4.57207851350e-003
  -4.76752484980e-003
  -4.95913351703e-003
  -5.14677234994e-003
  -5.33031301456e-003
  -5.50963088543e-003
  -5.68460495925e-003
  -5.85511779636e-003
  -6.02105548380e-003
  -6.18230761511e-003
  -6.33876728303e-003
  -6.49033108234e-003
  -6.63689912041e-003
  -6.77837503388e-003
  -6.91466600975e-003
  -7.04568280999e-003
  -7.17133979858e-003
  -7.29155497017e-003
  -7.40624997995e-003
  -7.51535017392e-003
  -7.61878461941e-003
  -7.71648613522e-003
  -7.80839132125e-003
  -7.89444058741e-003
  -7.97457818133e-003
  -8.04875221493e-003
  -8.11691468970e-003
  -8.17902152026e-003
  -8.23503255648e-003
  -8.28491160378e-003
  -8.32862644158e-003
  -8.36614883996e-003
  -8.39745457429e-003
  -8.42252343784e-003
  -8.44133925244e-003
  -8.45388987696e-003
  -8.46016721376e-003
  -8.46016721293e-003
  -8.45388987446e-003
  -8.44133924827e-003
  -8.42252343200e-003
  -8.39745456678e-003
  -8.36614883078e-003
  -8.32862643072e-003
  -8.28491159124e-003
  -8.23503254226e-003
  -8.17902150435e-003
  -8.11691467209e-003
  -8.04875219563e-003
  -7.97457816031e-003
  -7.89444056469e-003
  -7.80839129681e-003
  -7.71648610904e-003
  -7.61878459149e-003
  -7.51535014425e-003
  -7.40624994851e-003
  -7.29155493695e-003
  -7.17133976357e-003
  -7.04568277318e-003
  -6.91466597111e-003
  -6.77837499339e-003
  -6.63689907806e-003
  -6.49033103810e-003
  -6.33876723689e-003
  -6.18230756702e-003
  -6.02105543374e-003
  -5.85511774430e-003
  -5.68460490517e-003
  -5.50963082927e-003
  -5.33031295628e-003
  -5.14677228950e-003
  -4.95913345437e-003
  -4.76752478487e-003
  -4.57207844623e-003
  -4.37293060545e-003
  -4.17022166497e-003
  -3.96409658112e-003
  -3.75470529730e-003
  -3.54220333533e-003
  -3.32675260764e-003
  -3.10852254456e-003
  -2.88769168005e-003
  -2.66444992147e-003
  -2.43900186891e-003
  -2.21157179801e-003
  -1.98241138246e-003
  -1.75181213661e-003
  -1.52012644680e-003
  -1.28780531144e-003
  -1.05547144676e-003
  -8.24075910026e-004
  -5.95283544267e-004
  -3.72634554470e-004
  -1.66357160791e-004
  -2.20106498022e-005
  -2.67690662651e-007
  -2.05572305608e-009
  +4.66474364429e-011
  +6.07361135637e-011
  +6.01915718565e-011
  +6.11535853092e-011
  +8.02353834084e-011
  +2.19293674581e-009
  +2.67840144602e-007
  +2.20107816458e-005
  +1.66357291678e-004
  +3.72634686403e-004
  +5.95283671671e-004
  +8.24076031658e-004
  +1.05547156259e-003
  +1.28780542176e-003
  +1.52012655200e-003
  +1.75181223707e-003
  +1.98241147851e-003
  +2.21157188997e-003
  +2.43900195704e-003
  +2.66445000600e-003
  +2.88769176119e-003
  +3.10852262249e-003
  +3.32675268253e-003
  +3.54220340731e-003
  +3.75470536649e-003
  +3.96409664763e-003
  +4.17022172891e-003
  +4.37293066689e-003
  +4.57207850527e-003
  +4.76752484157e-003
  +4.95913350879e-003
  +5.14677234170e-003
  +5.33031300632e-003
  +5.50963087719e-003
  +5.68460495101e-003
  +5.85511778811e-003
  +6.02105547555e-003
  +6.18230760686e-003
  +6.33876727478e-003
  +6.49033107409e-003
  +6.63689911216e-003
  +6.77837502563e-003
  +6.91466600149e-003
  +7.04568280174e-003
  +7.17133979032e-003
  +7.29155496191e-003
  +7.40624997169e-003
  +7.51535016567e-003
  +7.61878461116e-003
  +7.71648612696e-003
  +7.80839131300e-003
  +7.89444057916e-003
  +7.97457817307e-003
  +8.04875220668e-003
  +8.11691468144e-003
  +8.17902151200e-003
  +8.23503254822e-003
  +8.28491159552e-003
  +8.32862643332e-003
  +8.36614883170e-003
  +8.39745456603e-003
  +8.42252342958e-003
  +8.44133924418e-003
  +8.45388986870e-003
  +8.46016720550e-003
  +8.46016720467e-003
  +8.45388986620e-003
  +8.44133924001e-003
  +8.42252342374e-003
  +8.39745455852e-003
  +8.36614882252e-003
  +8.32862642246e-003
  +8.28491158298e-003
  +8.23503253400e-003
  +8.17902149609e-003
  +8.11691466384e-003
  +8.04875218737e-003
  +7.97457815206e-003
  +7.89444055643e-003
  +7.80839128855e-003
  +7.71648610078e-003
  +7.61878458324e-003
  +7.51535013599e-003
  +7.40624994025e-003
  +7.29155492870e-003
  +7.17133975532e-003
  +7.04568276493e-003
  +6.91466596286e-003
  +6.77837498514e-003
  +6.63689906981e-003
  +6.49033102985e-003
  +6.33876722864e-003
  +6.18230755877e-003
  +6.02105542550e-003
  +5.85511773606e-003
  +5.68460489692e-003
  +5.50963082103e-003
  +5.33031294804e-003
  +5.14677228126e-003
  +4.95913344613e-003
  +4.76752477663e-003
  +4.57207843800e-003
  +4.37293059722e-003
  +4.17022165675e-003
  +3.96409657289e-003
  +3.75470528909e-003
  +3.54220332712e-003
  +3.32675259943e-003
  +3.10852253636e-003
  +2.88769167185e-003
  +2.66444991329e-003
  +2.43900186073e-003
  +2.21157178985e-003
  +1.98241137430e-003
  +1.75181212848e-003
  +1.52012643869e-003
  +1.28780530336e-003
  +1.05547143873e-003
  +8.24075902067e-004
  +5.95283536426e-004
  +3.72634546868e-004
  +1.66357153844e-004
  +2.20106454948e-005
  +2.67688023344e-007
  +2.05311279403e-009
  -4.92574728859e-011
  -6.33461513346e-011
  -6.28016104294e-011
</dep>
<dep _net0.Vt time>
  +0.00000000000e+000
  +1.25650480160e-001
  +2.51221605386e-001
  +3.76635100114e-001
  +5.01942471665e-001
  +6.37671532708e-001
  +8.34306562707e-001
  +1.06143261092e+000
  +1.29619171326e+000
  +1.53339179734e+000
  +1.77118519562e+000
  +2.00866236853e+000
  +2.24527116535e+000
  +2.48062415032e+000
  +2.71442033905e+000
  +2.94640869341e+000
  +3.17636929871e+000
  +3.40410289491e+000
  +3.62942470167e+000
  +3.85216060300e+000
  +4.07214470120e+000
  +4.28921770201e+000
  +4.50322582394e+000
  +4.71402004906e+000
  +4.92145560232e+000
  +5.12539158777e+000
  +5.32569073458e+000
  +5.52221922130e+000
  +5.71484655689e+000
  +5.90344550323e+000
  +6.08789202856e+000
  +6.26806528388e+000
  +6.44384759676e+000
  +6.61512447818e+000
  +6.78178463929e+000
  +6.94372001564e+000
  +7.10082579690e+000
  +7.25300046070e+000
  +7.40014580945e+000
  +7.54216700904e+000
  +7.67897262897e+000
  +7.81047468301e+000
  +7.93658867014e+000
  +8.05723361521e+000
  +8.17233210913e+000
  +8.28181034813e+000
  +8.38559817209e+000
  +8.48362910150e+000
  +8.57584037306e+000
  +8.66217297376e+000
  +8.74257167315e+000
  +8.81698505400e+000
  +8.88536554089e+000
  +8.94766942700e+000
  +9.00385689880e+000
  +9.05389205867e+000
  +9.09774294539e+000
  +9.13538155245e+000
  +9.16678384415e+000
  +9.19192976946e+000
  +9.21080327360e+000
  +9.22339230734e+000
  +9.22968883398e+000
  +9.22968883398e+000
  +9.22339230735e+000
  +9.21080327361e+000
  +9.19192976947e+000
  +9.16678384416e+000
  +9.13538155246e+000
  +9.09774294541e+000
  +9.05389205869e+000
  +9.00385689882e+000
  +8.94766942702e+000
  +8.88536554091e+000
  +8.81698505403e+000
  +8.74257167319e+000
  +8.66217297379e+000
  +8.57584037310e+000
  +8.48362910154e+000
  +8.38559817214e+000
  +8.28181034818e+000
  +8.17233210918e+000
  +8.05723361527e+000
  +7.93658867020e+000
  +7.81047468308e+000
  +7.67897262904e+000
  +7.54216700911e+000
  +7.40014580952e+000
  +7.25300046079e+000
  +7.10082579699e+000
  +6.94372001574e+000
  +6.78178463939e+000
  +6.61512447829e+000
  +6.44384759688e+000
  +6.26806528401e+000
  +6.08789202869e+000
  +5.90344550338e+000
  +5.71484655705e+000
  +5.52221922147e+000
  +5.32569073476e+000
  +5.12539158797e+000
  +4.92145560253e+000
  +4.71402004929e+000
  +4.50322582420e+000
  +4.28921770229e+000
  +4.07214470151e+000
  +3.85216060334e+000
  +3.62942470204e+000
  +3.40410289533e+000
  +3.17636929919e+000
  +2.94640869395e+000
  +2.71442033968e+000
  +2.48062415106e+000
  +2.24527116623e+000
  +2.00866236959e+000
  +1.77118519695e+000
  +1.53339179908e+000
  +1.29619171564e+000
  +1.06143261443e+000
  +8.34306567988e-001
  +6.37671523683e-001
  +5.01942445018e-001
  +3.76635082248e-001
  +2.51221595981e-001
  +1.25650477257e-001
  +2.84335317906e-009
  -1.25650471442e-001
  -2.51221573584e-001
  -3.76632952324e-001
  -5.01674674020e-001
  -6.15660800941e-001
  -6.67949327826e-001
  -6.88797978486e-001
  -7.00908091655e-001
  -7.09315811985e-001
  -7.15713675901e-001
  -7.20856986536e-001
  -7.25144650323e-001
  -7.28811947669e-001
  -7.32008892624e-001
  -7.34836833372e-001
  -7.37367369604e-001
  -7.39652914971e-001
  -7.41732964793e-001
  -7.43638003169e-001
  -7.45392039773e-001
  -7.47014314309e-001
  -7.48520475633e-001
  -7.49923418249e-001
  -7.51233888917e-001
  -7.52460935121e-001
  -7.53612242334e-001
  -7.54694391572e-001
  -7.55713058776e-001
  -7.56673171085e-001
  -7.57579030701e-001
  -7.58434414080e-001
  -7.59242652093e-001
  -7.60006695380e-001
  -7.60729168046e-001
  -7.61412412094e-001
  -7.62058524447e-001
  -7.62669387985e-001
  -7.63246697705e-001
  -7.63791982896e-001
  -7.64306626029e-001
  -7.64791878905e-001
  -7.65248876539e-001
  -7.65678649120e-001
  -7.66082132367e-001
  -7.66460176508e-001
  -7.66813554098e-001
  -7.67142966828e-001
  -7.67449051484e-001
  -7.67732385153e-001
  -7.67993489779e-001
  -7.68232836157e-001
  -7.68450847428e-001
  -7.68647902131e-001
  -7.68824336863e-001
  -7.68980448596e-001
  -7.69116496669e-001
  -7.69232704500e-001
  -7.69329261035e-001
  -7.69406321957e-001
  -7.69464010664e-001
  -7.69502419044e-001
  -7.69521608044e-001
  -7.69521608042e-001
  -7.69502419040e-001
  -7.69464010658e-001
  -7.69406321948e-001
  -7.69329261024e-001
  -7.69232704486e-001
  -7.69116496652e-001
  -7.68980448577e-001
  -7.68824336841e-001
  -7.68647902106e-001
  -7.68450847401e-001
  -7.68232836127e-001
  -7.67993489746e-001
  -7.67732385117e-001
  -7.67449051445e-001
  -7.67142966785e-001
  -7.66813554052e-001
  -7.66460176459e-001
  -7.66082132314e-001
  -7.65678649063e-001
  -7.65248876478e-001
  -7.64791878840e-001
  -7.64306625959e-001
  -7.63791982822e-001
  -7.63246697625e-001
  -7.62669387900e-001
  -7.62058524356e-001
  -7.61412411997e-001
  -7.60729167942e-001
  -7.60006695270e-001
  -7.59242651975e-001
  -7.58434413954e-001
  -7.57579030566e-001
  -7.56673170939e-001
  -7.55713058619e-001
  -7.54694391403e-001
  -7.53612242152e-001
  -7.52460934924e-001
  -7.51233888704e-001
  -7.49923418016e-001
  -7.48520475379e-001
  -7.47014314031e-001
  -7.45392039467e-001
  -7.43638002830e-001
  -7.41732964416e-001
  -7.39652914548e-001
  -7.37367369127e-001
  -7.34836832827e-001
  -7.32008891995e-001
  -7.28811946934e-001
  -7.25144649447e-001
  -7.20856985470e-001
  -7.15713674566e-001
  -7.09315810248e-001
  -7.00908089274e-001
  -6.88797974977e-001
  -6.67949322546e-001
  -6.15660809966e-001
  -5.01674700666e-001
  -3.76632970188e-001
  -2.51221582957e-001
  -1.25650474321e-001
  +5.70940607317e-009
  +1.25650485859e-001
  +2.51221611048e-001
  +3.76635105799e-001
  +5.01942477321e-001
  +6.37671536696e-001
  +8.34306564055e-001
  +1.06143261161e+000
  +1.29619171372e+000
  +1.53339179768e+000
  +1.77118519588e+000
  +2.00866236875e+000
  +2.24527116554e+000
  +2.48062415048e+000
  +2.71442033919e+000
  +2.94640869354e+000
  +3.17636929883e+000
  +3.40410289502e+000
  +3.62942470177e+000
  +3.85216060309e+000
  +4.07214470129e+000
  +4.28921770209e+000
  +4.50322582402e+000
  +4.71402004913e+000
  +4.92145560239e+000
  +5.12539158784e+000
  +5.32569073464e+000
  +5.52221922137e+000
  +5.71484655695e+000
  +5.90344550329e+000
  +6.08789202861e+000
  +6.26806528393e+000
  +6.44384759681e+000
  +6.61512447823e+000
  +6.78178463934e+000
  +6.94372001569e+000
  +7.10082579694e+000
  +7.25300046075e+000
  +7.40014580949e+000
  +7.54216700908e+000
  +7.67897262901e+000
  +7.81047468305e+000
  +7.93658867018e+000
  +8.05723361525e+000
  +8.17233210917e+000
  +8.28181034817e+000
  +8.38559817213e+000
  +8.48362910154e+000
  +8.57584037310e+000
  +8.66217297379e+000
  +8.74257167319e+000
  +8.81698505403e+000
  +8.88536554092e+000
  +8.94766942703e+000
  +9.00385689884e+000
  +9.05389205871e+000
  +9.09774294543e+000
  +9.13538155248e+000
  +9.16678384418e+000
  +9.19192976949e+000
  +9.21080327364e+000
  +9.22339230738e+000
  +9.22968883401e+000
  +9.22968883401e+000
  +9.22339230738e+000
  +9.21080327364e+000
  +9.19192976950e+000
  +9.16678384419e+000
  +9.13538155250e+000
  +9.09774294544e+000
  +9.05389205873e+000
  +9.00385689886e+000
  +8.94766942706e+000
  +8.88536554095e+000
  +8.81698505406e+000
  +8.74257167322e+000
  +8.66217297383e+000
  +8.57584037314e+000
  +8.48362910158e+000
  +8.38559817218e+000
  +8.28181034822e+000
  +8.17233210922e+000
  +8.05723361531e+000
  +7.93658867024e+000
  +7.81047468312e+000
  +7.67897262908e+000
  +7.54216700916e+000
  +7.40014580957e+000
  +7.25300046083e+000
  +7.10082579703e+000
  +6.94372001578e+000
  +6.78178463944e+000
  +6.61512447834e+000
  +6.44384759693e+000
  +6.26806528406e+000
  +6.08789202875e+000
  +5.90344550343e+000
  +5.71484655710e+000
  +5.52221922153e+000
  +5.32569073483e+000
  +5.12539158803e+000
  +4.92145560260e+000
  +4.71402004936e+000
  +4.50322582427e+000
  +4.28921770237e+000
  +4.07214470159e+000
  +3.85216060343e+000
  +3.62942470214e+000
  +3.40410289544e+000
  +3.17636929930e+000
  +2.94640869408e+000
  +2.71442033982e+000
  +2.48062415122e+000
  +2.24527116642e+000
  +2.00866236981e+000
  +1.77118519722e+000
  +1.53339179941e+000
  +1.29619171610e+000
  +1.06143261512e+000
  +8.34306569336e-001
  +6.37671527671e-001
  +5.01942450674e-001
  +3.76635087933e-001
  +2.51221601693e-001
  +1.25650482988e-001
  +8.57389010369e-009
  -1.25650465694e-001
  -2.51221567876e-001
  -3.76632946639e-001
  -5.01674668364e-001
  -6.15660796953e-001
  -6.67949326479e-001
  -6.88797977793e-001
  -7.00908091201e-001
  -7.09315811649e-001
  -7.15713675635e-001
  -7.20856986316e-001
  -7.25144650136e-001
  -7.28811947506e-001
  -7.32008892479e-001
  -7.34836833242e-001
  -7.37367369486e-001
  -7.39652914862e-001
  -7.41732964693e-001
  -7.43638003076e-001
  -7.45392039686e-001
  -7.47014314227e-001
  -7.48520475555e-001
  -7.49923418175e-001
  -7.51233888848e-001
  -7.52460935054e-001
  -7.53612242270e-001
  -7.54694391511e-001
  -7.55713058717e-001
  -7.56673171028e-001
  -7.57579030647e-001
  -7.58434414027e-001
  -7.59242652042e-001
  -7.60006695330e-001
  -7.60729167998e-001
  -7.61412412047e-001
  -7.62058524401e-001
  -7.62669387940e-001
  -7.63246697661e-001
  -7.63791982853e-001
  -7.64306625987e-001
  -7.64791878864e-001
  -7.65248876498e-001
  -7.65678649080e-001
  -7.66082132328e-001
  -7.66460176470e-001
  -7.66813554059e-001
  -7.67142966790e-001
  -7.67449051447e-001
  -7.67732385116e-001
  -7.67993489742e-001
  -7.68232836121e-001
  -7.68450847392e-001
  -7.68647902095e-001
  -7.68824336828e-001
  -7.68980448561e-001
  -7.69116496634e-001
  -7.69232704465e-001
  -7.69329261001e-001
  -7.69406321922e-001
  -7.69464010629e-001
  -7.69502419009e-001
  -7.69521608009e-001
  -7.69521608008e-001
  -7.69502419006e-001
  -7.69464010623e-001
  -7.69406321913e-001
  -7.69329260989e-001
  -7.69232704451e-001
  -7.69116496617e-001
  -7.68980448542e-001
  -7.68824336806e-001
  -7.68647902071e-001
  -7.68450847365e-001
  -7.68232836091e-001
  -7.67993489709e-001
  -7.67732385080e-001
  -7.67449051408e-001
  -7.67142966747e-001
  -7.66813554013e-001
  -7.66460176420e-001
  -7.66082132274e-001
  -7.65678649023e-001
  -7.65248876437e-001
  -7.64791878798e-001
  -7.64306625917e-001
  -7.63791982779e-001
  -7.63246697581e-001
  -7.62669387855e-001
  -7.62058524310e-001
  -7.61412411950e-001
  -7.60729167894e-001
  -7.60006695220e-001
  -7.59242651923e-001
  -7.58434413901e-001
  -7.57579030511e-001
  -7.56673170882e-001
  -7.55713058561e-001
  -7.54694391342e-001
  -7.53612242088e-001
  -7.52460934857e-001
  -7.51233888634e-001
  -7.49923417943e-001
  -7.48520475302e-001
  -7.47014313949e-001
  -7.45392039380e-001
  -7.43638002737e-001
  -7.41732964316e-001
  -7.39652914440e-001
  -7.37367369009e-001
  -7.34836832697e-001
  -7.32008891851e-001
  -7.28811946771e-001
  -7.25144649260e-001
  -7.20856985251e-001
  -7.15713674301e-001
  -7.09315809913e-001
  -7.00908088819e-001
  -6.88797974284e-001
  -6.67949321198e-001
  -6.15660805979e-001
  -5.01674695010e-001
  -3.76632964504e-001
  -2.51221577281e-001
  -1.25650468634e-001
  +1.13779928742e-008
</dep>
<dep _net2.Vt time>
  +0.00000000000e+000
  +1.25650474285e-001
  +2.51221576418e-001
  +3.76632955166e-001
  +5.01674676848e-001
  +6.15660802935e-001
  +6.67949328500e-001
  +6.88797978832e-001
  +7.00908091882e-001
  +7.09315812152e-001
  +7.15713676033e-001
  +7.20856986645e-001
  +7.25144650416e-001
  +7.28811947751e-001
  +7.32008892696e-001
  +7.34836833437e-001
  +7.37367369663e-001
  +7.39652915025e-001
  +7.41732964843e-001
  +7.43638003215e-001
  +7.45392039816e-001
  +7.47014314350e-001
  +7.48520475671e-001
  +7.49923418285e-001
  +7.51233888952e-001
  +7.52460935154e-001
  +7.53612242366e-001
  +7.54694391603e-001
  +7.55713058805e-001
  +7.56673171113e-001
  +7.57579030729e-001
  +7.58434414107e-001
  +7.59242652119e-001
  +7.60006695405e-001
  +7.60729168070e-001
  +7.61412412117e-001
  +7.62058524470e-001
  +7.62669388008e-001
  +7.63246697727e-001
  +7.63791982918e-001
  +7.64306626050e-001
  +7.64791878926e-001
  +7.65248876559e-001
  +7.65678649140e-001
  +7.66082132387e-001
  +7.66460176528e-001
  +7.66813554117e-001
  +7.67142966847e-001
  +7.67449051503e-001
  +7.67732385172e-001
  +7.67993489797e-001
  +7.68232836175e-001
  +7.68450847446e-001
  +7.68647902149e-001
  +7.68824336881e-001
  +7.68980448614e-001
  +7.69116496686e-001
  +7.69232704517e-001
  +7.69329261053e-001
  +7.69406321974e-001
  +7.69464010681e-001
  +7.69502419061e-001
  +7.69521608061e-001
  +7.69521608060e-001
  +7.69502419058e-001
  +7.69464010675e-001
  +7.69406321966e-001
  +7.69329261042e-001
  +7.69232704504e-001
  +7.69116496670e-001
  +7.68980448595e-001
  +7.68824336859e-001
  +7.68647902124e-001
  +7.68450847419e-001
  +7.68232836145e-001
  +7.67993489764e-001
  +7.67732385136e-001
  +7.67449051464e-001
  +7.67142966804e-001
  +7.66813554071e-001
  +7.66460176478e-001
  +7.66082132334e-001
  +7.65678649083e-001
  +7.65248876498e-001
  +7.64791878860e-001
  +7.64306625980e-001
  +7.63791982843e-001
  +7.63246697647e-001
  +7.62669387923e-001
  +7.62058524379e-001
  +7.61412412020e-001
  +7.60729167967e-001
  +7.60006695294e-001
  +7.59242652000e-001
  +7.58434413980e-001
  +7.57579030593e-001
  +7.56673170967e-001
  +7.55713058649e-001
  +7.54694391434e-001
  +7.53612242183e-001
  +7.52460934957e-001
  +7.51233888739e-001
  +7.49923418053e-001
  +7.48520475418e-001
  +7.47014314072e-001
  +7.45392039510e-001
  +7.43638002877e-001
  +7.41732964466e-001
  +7.39652914602e-001
  +7.37367369186e-001
  +7.34836832892e-001
  +7.32008892068e-001
  +7.28811947015e-001
  +7.25144649540e-001
  +7.20856985580e-001
  +7.15713674699e-001
  +7.09315810416e-001
  +7.00908089501e-001
  +6.88797975323e-001
  +6.67949323220e-001
  +6.15660811960e-001
  +5.01674703494e-001
  +3.76632973031e-001
  +2.51221585796e-001
  +1.25650477121e-001
  -2.88801960506e-009
  -1.25650483059e-001
  -2.51221608238e-001
  -3.76635102957e-001
  -5.01942474493e-001
  -6.37671534702e-001
  -8.34306563381e-001
  -1.06143261127e+000
  -1.29619171349e+000
  -1.53339179751e+000
  -1.77118519575e+000
  -2.00866236864e+000
  -2.24527116545e+000
  -2.48062415040e+000
  -2.71442033912e+000
  -2.94640869347e+000
  -3.17636929877e+000
  -3.40410289496e+000
  -3.62942470172e+000
  -3.85216060305e+000
  -4.07214470124e+000
  -4.28921770205e+000
  -4.50322582398e+000
  -4.71402004909e+000
  -4.92145560235e+000
  -5.12539158780e+000
  -5.32569073461e+000
  -5.52221922133e+000
  -5.71484655692e+000
  -5.90344550326e+000
  -6.08789202859e+000
  -6.26806528391e+000
  -6.44384759679e+000
  -6.61512447820e+000
  -6.78178463932e+000
  -6.94372001566e+000
  -7.10082579692e+000
  -7.25300046072e+000
  -7.40014580947e+000
  -7.54216700906e+000
  -7.67897262899e+000
  -7.81047468303e+000
  -7.93658867016e+000
  -8.05723361523e+000
  -8.17233210915e+000
  -8.28181034815e+000
  -8.38559817211e+000
  -8.48362910152e+000
  -8.57584037308e+000
  -8.66217297378e+000
  -8.74257167317e+000
  -8.81698505402e+000
  -8.88536554090e+000
  -8.94766942702e+000
  -9.00385689882e+000
  -9.05389205869e+000
  -9.09774294541e+000
  -9.13538155247e+000
  -9.16678384416e+000
  -9.19192976947e+000
  -9.21080327362e+000
  -9.22339230736e+000
  -9.22968883399e+000
  -9.22968883400e+000
  -9.22339230737e+000
  -9.21080327363e+000
  -9.19192976948e+000
  -9.16678384418e+000
  -9.13538155248e+000
  -9.09774294543e+000
  -9.05389205871e+000
  -9.00385689884e+000
  -8.94766942704e+000
  -8.88536554093e+000
  -8.81698505405e+000
  -8.74257167321e+000
  -8.66217297381e+000
  -8.57584037312e+000
  -8.48362910156e+000
  -8.38559817216e+000
  -8.28181034820e+000
  -8.17233210920e+000
  -8.05723361529e+000
  -7.93658867022e+000
  -7.81047468310e+000
  -7.67897262906e+000
  -7.54216700914e+000
  -7.40014580955e+000
  -7.25300046081e+000
  -7.10082579701e+000
  -6.94372001576e+000
  -6.78178463942e+000
  -6.61512447831e+000
  -6.44384759690e+000
  -6.26806528403e+000
  -6.08789202872e+000
  -5.90344550340e+000
  -5.71484655708e+000
  -5.52221922150e+000
  -5.32569073479e+000
  -5.12539158800e+000
  -4.92145560256e+000
  -4.71402004933e+000
  -4.50322582423e+000
  -4.28921770233e+000
  -4.07214470155e+000
  -3.85216060338e+000
  -3.62942470209e+000
  -3.40410289538e+000
  -3.17636929924e+000
  -2.94640869402e+000
  -2.71442033975e+000
  -2.48062415114e+000
  -2.24527116632e+000
  -2.00866236970e+000
  -1.77118519708e+000
  -1.53339179925e+000
  -1.29619171587e+000
  -1.06143261478e+000
  -8.34306568662e-001
  -6.37671525677e-001
  -5.01942447846e-001
  -3.76635085091e-001
  -2.51221598827e-001
  -1.25650480142e-001
  -5.70716161893e-009
  +1.25650468557e-001
  +2.51221570709e-001
  +3.76632949481e-001
  +5.01674671192e-001
  +6.15660798947e-001
  +6.67949327152e-001
  +6.88797978139e-001
  +7.00908091428e-001
  +7.09315811817e-001
  +7.15713675768e-001
  +7.20856986426e-001
  +7.25144650229e-001
  +7.28811947588e-001
  +7.32008892552e-001
  +7.34836833307e-001
  +7.37367369545e-001
  +7.39652914917e-001
  +7.41732964743e-001
  +7.43638003122e-001
  +7.45392039729e-001
  +7.47014314268e-001
  +7.48520475594e-001
  +7.49923418212e-001
  +7.51233888883e-001
  +7.52460935088e-001
  +7.53612242302e-001
  +7.54694391542e-001
  +7.55713058747e-001
  +7.56673171056e-001
  +7.57579030674e-001
  +7.58434414054e-001
  +7.59242652067e-001
  +7.60006695355e-001
  +7.60729168022e-001
  +7.61412412070e-001
  +7.62058524424e-001
  +7.62669387963e-001
  +7.63246697683e-001
  +7.63791982875e-001
  +7.64306626008e-001
  +7.64791878884e-001
  +7.65248876518e-001
  +7.65678649100e-001
  +7.66082132347e-001
  +7.66460176489e-001
  +7.66813554079e-001
  +7.67142966809e-001
  +7.67449051466e-001
  +7.67732385135e-001
  +7.67993489761e-001
  +7.68232836139e-001
  +7.68450847410e-001
  +7.68647902113e-001
  +7.68824336845e-001
  +7.68980448578e-001
  +7.69116496651e-001
  +7.69232704482e-001
  +7.69329261018e-001
  +7.69406321940e-001
  +7.69464010646e-001
  +7.69502419027e-001
  +7.69521608026e-001
  +7.69521608025e-001
  +7.69502419023e-001
  +7.69464010640e-001
  +7.69406321931e-001
  +7.69329261007e-001
  +7.69232704469e-001
  +7.69116496635e-001
  +7.68980448559e-001
  +7.68824336824e-001
  +7.68647902088e-001
  +7.68450847383e-001
  +7.68232836109e-001
  +7.67993489727e-001
  +7.67732385099e-001
  +7.67449051426e-001
  +7.67142966766e-001
  +7.66813554033e-001
  +7.66460176440e-001
  +7.66082132294e-001
  +7.65678649043e-001
  +7.65248876457e-001
  +7.64791878819e-001
  +7.64306625938e-001
  +7.63791982800e-001
  +7.63246697603e-001
  +7.62669387878e-001
  +7.62058524333e-001
  +7.61412411973e-001
  +7.60729167918e-001
  +7.60006695245e-001
  +7.59242651949e-001
  +7.58434413927e-001
  +7.57579030538e-001
  +7.56673170911e-001
  +7.55713058590e-001
  +7.54694391373e-001
  +7.53612242120e-001
  +7.52460934891e-001
  +7.51233888669e-001
  +7.49923417980e-001
  +7.48520475340e-001
  +7.47014313990e-001
  +7.45392039423e-001
  +7.43638002784e-001
  +7.41732964366e-001
  +7.39652914494e-001
  +7.37367369068e-001
  +7.34836832762e-001
  +7.32008891923e-001
  +7.28811946852e-001
  +7.25144649353e-001
  +7.20856985360e-001
  +7.15713674433e-001
  +7.09315810081e-001
  +7.00908089047e-001
  +6.88797974631e-001
  +6.67949321872e-001
  +6.15660807972e-001
  +5.01674697838e-001
  +3.76632967346e-001
  +2.51221580139e-001
  +1.25650471482e-001
  -8.52750175538e-009
  -1.25650488681e-001
  -2.51221613900e-001
  -3.76635108641e-001
  -5.01942480148e-001
  -6.37671538690e-001
  -8.34306564729e-001
  -1.06143261196e+000
  -1.29619171394e+000
  -1.53339179784e+000
  -1.77118519601e+000
  -2.00866236886e+000
  -2.24527116563e+000
  -2.48062415057e+000
  -2.71442033927e+000
  -2.94640869360e+000
  -3.17636929889e+000
  -3.40410289507e+000
  -3.62942470182e+000
  -3.85216060314e+000
  -4.07214470133e+000
  -4.28921770213e+000
  -4.50322582406e+000
  -4.71402004917e+000
  -4.92145560242e+000
  -5.12539158787e+000
  -5.32569073468e+000
  -5.52221922140e+000
  -5.71484655698e+000
  -5.90344550331e+000
  -6.08789202864e+000
  -6.26806528396e+000
  -6.44384759684e+000
  -6.61512447825e+000
  -6.78178463936e+000
  -6.94372001571e+000
  -7.10082579696e+000
  -7.25300046077e+000
  -7.40014580951e+000
  -7.54216700910e+000
  -7.67897262903e+000
  -7.81047468307e+000
  -7.93658867020e+000
  -8.05723361527e+000
  -8.17233210919e+000
  -8.28181034819e+000
  -8.38559817215e+000
  -8.48362910155e+000
  -8.57584037312e+000
  -8.66217297381e+000
  -8.74257167321e+000
  -8.81698505405e+000
  -8.88536554094e+000
  -8.94766942705e+000
  -9.00385689885e+000
  -9.05389205873e+000
  -9.09774294544e+000
  -9.13538155250e+000
  -9.16678384420e+000
  -9.19192976951e+000
  -9.21080327365e+000
  -9.22339230740e+000
  -9.22968883403e+000
  -9.22968883403e+000
  -9.22339230740e+000
  -9.21080327366e+000
  -9.19192976952e+000
  -9.16678384421e+000
  -9.13538155252e+000
  -9.09774294546e+000
  -9.05389205875e+000
  -9.00385689888e+000
  -8.94766942708e+000
  -8.88536554097e+000
  -8.81698505408e+000
  -8.74257167324e+000
  -8.66217297385e+000
  -8.57584037316e+000
  -8.48362910160e+000
  -8.38559817220e+000
  -8.28181034824e+000
  -8.17233210924e+000
  -8.05723361533e+000
  -7.93658867026e+000
  -7.81047468314e+000
  -7.67897262910e+000
  -7.54216700918e+000
  -7.40014580959e+000
  -7.25300046085e+000
  -7.10082579706e+000
  -6.94372001581e+000
  -6.78178463947e+000
  -6.61512447836e+000
  -6.44384759696e+000
  -6.26806528409e+000
  -6.08789202878e+000
  -5.90344550346e+000
  -5.71484655713e+000
  -5.52221922156e+000
  -5.32569073486e+000
  -5.12539158807e+000
  -4.92145560263e+000
  -4.71402004940e+000
  -4.50322582431e+000
  -4.28921770241e+000
  -4.07214470164e+000
  -3.85216060348e+000
  -3.62942470219e+000
  -3.40410289549e+000
  -3.17636929936e+000
  -2.94640869415e+000
  -2.71442033989e+000
  -2.48062415130e+000
  -2.24527116651e+000
  -2.00866236992e+000
  -1.77118519735e+000
  -1.53339179958e+000
  -1.29619171632e+000
  -1.06143261547e+000
  -8.34306570010e-001
  -6.37671529664e-001
  -5.01942453502e-001
  -3.76635090776e-001
  -2.51221604520e-001
  -1.25650485824e-001
  -1.14078524348e-008
</dep>
<dep _net1.Vt time>
  +0.00000000000e+000
  +2.51300954433e-001
  +5.02443181798e-001
  +7.53268055279e-001
  +1.00361714851e+000
  +1.25333233564e+000
  +1.50225589121e+000
  +1.75023058975e+000
  +1.99709980514e+000
  +2.24270760949e+000
  +2.48689887165e+000
  +2.72951935517e+000
  +2.97041581577e+000
  +3.20943609807e+000
  +3.44642923175e+000
  +3.68124552685e+000
  +3.91373666837e+000
  +4.14375580993e+000
  +4.37115766651e+000
  +4.59579860621e+000
  +4.81753674102e+000
  +5.03623201636e+000
  +5.25174629961e+000
  +5.46394346734e+000
  +5.67268949127e+000
  +5.87785252292e+000
  +6.07930297695e+000
  +6.27691361291e+000
  +6.47055961569e+000
  +6.66011867434e+000
  +6.84547105929e+000
  +7.02649969799e+000
  +7.20309024888e+000
  +7.37513117358e+000
  +7.54251380736e+000
  +7.70513242776e+000
  +7.86288432137e+000
  +8.01566984871e+000
  +8.16339250717e+000
  +8.30595899196e+000
  +8.44327925502e+000
  +8.57526656194e+000
  +8.70183754670e+000
  +8.82291226435e+000
  +8.93841424151e+000
  +9.04827052466e+000
  +9.15241172621e+000
  +9.25077206834e+000
  +9.34328942457e+000
  +9.42990535893e+000
  +9.51056516295e+000
  +9.58521789017e+000
  +9.65381638833e+000
  +9.71631732915e+000
  +9.77268123568e+000
  +9.82287250729e+000
  +9.86685944208e+000
  +9.90461425697e+000
  +9.93611310520e+000
  +9.96133609143e+000
  +9.98026728428e+000
  +9.99289472641e+000
  +9.99921044204e+000
  +9.99921044204e+000
  +9.99289472641e+000
  +9.98026728428e+000
  +9.96133609143e+000
  +9.93611310520e+000
  +9.90461425697e+000
  +9.86685944208e+000
  +9.82287250729e+000
  +9.77268123568e+000
  +9.71631732915e+000
  +9.65381638833e+000
  +9.58521789017e+000
  +9.51056516295e+000
  +9.42990535893e+000
  +9.34328942457e+000
  +9.25077206834e+000
  +9.15241172621e+000
  +9.04827052466e+000
  +8.93841424151e+000
  +8.82291226435e+000
  +8.70183754670e+000
  +8.57526656194e+000
  +8.44327925502e+000
  +8.30595899196e+000
  +8.16339250717e+000
  +8.01566984871e+000
  +7.86288432137e+000
  +7.70513242776e+000
  +7.54251380736e+000
  +7.37513117358e+000
  +7.20309024888e+000
  +7.02649969799e+000
  +6.84547105929e+000
  +6.66011867434e+000
  +6.47055961569e+000
  +6.27691361291e+000
  +6.07930297695e+000
  +5.87785252292e+000
  +5.67268949127e+000
  +5.46394346734e+000
  +5.25174629961e+000
  +5.03623201636e+000
  +4.81753674102e+000
  +4.59579860621e+000
  +4.37115766651e+000
  +4.14375580993e+000
  +3.91373666837e+000
  +3.68124552685e+000
  +3.44642923175e+000
  +3.20943609807e+000
  +2.97041581577e+000
  +2.72951935517e+000
  +2.48689887165e+000
  +2.24270760949e+000
  +1.99709980514e+000
  +1.75023058975e+000
  +1.50225589121e+000
  +1.25333233564e+000
  +1.00361714851e+000
  +7.53268055279e-001
  +5.02443181798e-001
  +2.51300954433e-001
  +1.22460635382e-015
  -2.51300954433e-001
  -5.02443181798e-001
  -7.53268055279e-001
  -1.00361714851e+000
  -1.25333233564e+000
  -1.50225589121e+000
  -1.75023058975e+000
  -1.99709980514e+000
  -2.24270760949e+000
  -2.48689887165e+000
  -2.72951935517e+000
  -2.97041581577e+000
  -3.20943609807e+000
  -3.44642923175e+000
  -3.68124552685e+000
  -3.91373666837e+000
  -4.14375580993e+000
  -4.37115766651e+000
  -4.59579860621e+000
  -4.81753674102e+000
  -5.03623201636e+000
  -5.25174629961e+000
  -5.46394346734e+000
  -5.67268949127e+000
  -5.87785252292e+000
  -6.07930297695e+000
  -6.27691361291e+000
  -6.47055961569e+000
  -6.66011867434e+000
  -6.84547105929e+000
  -7.02649969799e+000
  -7.20309024888e+000
  -7.37513117358e+000
  -7.54251380736e+000
  -7.70513242776e+000
  -7.86288432137e+000
  -8.01566984871e+000
  -8.16339250717e+000
  -8.30595899196e+000
  -8.44327925502e+000
  -8.57526656194e+000
  -8.70183754670e+000
  -8.82291226435e+000
  -8.93841424151e+000
  -9.04827052466e+000
  -9.15241172621e+000
  -9.25077206834e+000
  -9.34328942457e+000
  -9.42990535893e+000
  -9.51056516295e+000
  -9.58521789017e+000
  -9.65381638833e+000
  -9.71631732915e+000
  -9.77268123568e+000
  -9.82287250729e+000
  -9.86685944208e+000
  -9.90461425697e+000
  -9.93611310520e+000
  -9.96133609143e+000
  -9.98026728428e+000
  -9.99289472641e+000
  -9.99921044204e+000
  -9.99921044204e+000
  -9.99289472641e+000
  -9.98026728428e+000
  -9.96133609143e+000
  -9.93611310520e+000
  -9.90461425697e+000
  -9.86685944208e+000
  -9.82287250729e+000
  -9.77268123568e+000
  -9.71631732915e+000
  -9.65381638833e+000
  -9.58521789017e+000
  -9.51056516295e+000
  -9.42990535893e+000
  -9.34328942457e+000
  -9.25077206834e+000
  -9.15241172621e+000
  -9.04827052466e+000
  -8.93841424151e+000
  -8.82291226435e+000
  -8.70183754670e+000
  -8.57526656194e+000
  -8.44327925502e+000
  -8.30595899196e+000
  -8.16339250717e+000
  -8.01566984871e+000
  -7.86288432137e+000
  -7.70513242776e+000
  -7.54251380736e+000
  -7.37513117358e+000
  -7.20309024888e+000
  -7.02649969799e+000
  -6.84547105929e+000
  -6.66011867434e+000
  -6.47055961569e+000
  -6.27691361291e+000
  -6.07930297695e+000
  -5.87785252292e+000
  -5.67268949127e+000
  -5.46394346734e+000
  -5.25174629961e+000
  -5.03623201636e+000
  -4.81753674102e+000
  -4.59579860621e+000
  -4.37115766651e+000
  -4.14375580993e+000
  -3.91373666837e+000
  -3.68124552685e+000
  -3.44642923175e+000
  -3.20943609807e+000
  -2.97041581577e+000
  -2.72951935517e+000
  -2.48689887165e+000
  -2.24270760949e+000
  -1.99709980514e+000
  -1.75023058975e+000
  -1.50225589121e+000
  -1.25333233564e+000
  -1.00361714851e+000
  -7.53268055279e-001
  -5.02443181798e-001
  -2.51300954433e-001
  -2.44921270764e-015
  +2.51300954433e-001
  +5.02443181798e-001
  +7.53268055279e-001
  +1.00361714851e+000
  +1.25333233564e+000
  +1.50225589121e+000
  +1.75023058975e+000
  +1.99709980514e+000
  +2.24270760949e+000
  +2.48689887165e+000
  +2.72951935517e+000
  +2.97041581577e+000
  +3.20943609807e+000
  +3.44642923175e+000
  +3.68124552685e+000
  +3.91373666837e+000
  +4.14375580993e+000
  +4.37115766651e+000
  +4.59579860621e+000
  +4.81753674102e+000
  +5.03623201636e+000
  +5.25174629961e+000
  +5.46394346734e+000
  +5.67268949127e+000
  +5.87785252292e+000
  +6.07930297695e+000
  +6.27691361291e+000
  +6.47055961569e+000
  +6.66011867434e+000
  +6.84547105929e+000
  +7.02649969799e+000
  +7.20309024888e+000
  +7.37513117358e+000
  +7.54251380736e+000
  +7.70513242776e+000
  +7.86288432137e+000
  +8.01566984871e+000
  +8.16339250717e+000
  +8.30595899196e+000
  +8.44327925502e+000
  +8.57526656194e+000
  +8.70183754670e+000
  +8.82291226435e+000
  +8.93841424151e+000
  +9.04827052466e+000
  +9.15241172621e+000
  +9.25077206834e+000
  +9.34328942457e+000
  +9.42990535893e+000
  +9.51056516295e+000
  +9.58521789017e+000
  +9.65381638833e+000
  +9.71631732915e+000
  +9.77268123568e+000
  +9.82287250729e+000
  +9.86685944208e+000
  +9.90461425697e+000
  +9.93611310520e+000
  +9.96133609143e+000
  +9.98026728428e+000
  +9.99289472641e+000
  +9.99921044204e+000
  +9.99921044204e+000
  +9.99289472641e+000
  +9.98026728428e+000
  +9.96133609143e+000
  +9.93611310520e+000
  +9.90461425697e+000
  +9.86685944208e+000
  +9.82287250729e+000
  +9.77268123568e+000
  +9.71631732915e+000
  +9.65381638833e+000
  +9.58521789017e+000
  +9.51056516295e+000
  +9.42990535893e+000
  +9.34328942457e+000
  +9.25077206834e+000
  +9.15241172621e+000
  +9.04827052466e+000
  +8.93841424151e+000
  +8.82291226435e+000
  +8.70183754670e+000
  +8.57526656194e+000
  +8.44327925502e+000
  +8.30595899196e+000
  +8.16339250717e+000
  +8.01566984871e+000
  +7.86288432137e+000
  +7.70513242776e+000
  +7.54251380736e+000
  +7.37513117358e+000
  +7.20309024888e+000
  +7.02649969799e+000
  +6.84547105929e+000
  +6.66011867434e+000
  +6.47055961569e+000
  +6.27691361291e+000
  +6.07930297695e+000
  +5.87785252292e+000
  +5.67268949127e+000
  +5.46394346734e+000
  +5.25174629961e+000
  +5.03623201636e+000
  +4.81753674102e+000
  +4.59579860621e+000
  +4.37115766651e+000
  +4.14375580993e+000
  +3.91373666837e+000
  +3.68124552685e+000
  +3.44642923175e+000
  +3.20943609807e+000
  +2.97041581577e+000
  +2.72951935517e+000
  +2.48689887165e+000
  +2.24270760949e+000
  +1.99709980514e+000
  +1.75023058975e+000
  +1.50225589121e+000
  +1.25333233564e+000
  +1.00361714851e+000
  +7.53268055279e-001
  +5.02443181798e-001
  +2.51300954433e-001
  +3.67381906147e-015
  -2.51300954433e-001
  -5.02443181798e-001
  -7.53268055279e-001
  -1.00361714851e+000
  -1.25333233564e+000
  -1.50225589121e+000
  -1.75023058975e+000
  -1.99709980514e+000
  -2.24270760949e+000
  -2.48689887165e+000
  -2.72951935517e+000
  -2.97041581577e+000
  -3.20943609807e+000
  -3.44642923175e+000
  -3.68124552685e+000
  -3.91373666837e+000
  -4.14375580993e+000
  -4.37115766651e+000
  -4.59579860621e+000
  -4.81753674102e+000
  -5.03623201636e+000
  -5.25174629961e+000
  -5.46394346734e+000
  -5.67268949127e+000
  -5.87785252292e+000
  -6.07930297695e+000
  -6.27691361291e+000
  -6.47055961569e+000
  -6.66011867434e+000
  -6.84547105929e+000
  -7.02649969799e+000
  -7.20309024888e+000
  -7.37513117358e+000
  -7.54251380736e+000
  -7.70513242776e+000
  -7.86288432137e+000
  -8.01566984871e+000
  -8.16339250717e+000
  -8.30595899196e+000
  -8.44327925502e+000
  -8.57526656194e+000
  -8.70183754670e+000
  -8.82291226435e+000
  -8.93841424151e+000
  -9.04827052466e+000
  -9.15241172621e+000
  -9.25077206834e+000
  -9.34328942457e+000
  -9.42990535893e+000
  -9.51056516295e+000
  -9.58521789017e+000
  -9.65381638833e+000
  -9.71631732915e+000
  -9.77268123568e+000
  -9.82287250729e+000
  -9.86685944208e+000
  -9.90461425697e+000
  -9.93611310520e+000
  -9.96133609143e+000
  -9.98026728428e+000
  -9.99289472641e+000
  -9.99921044204e+000
  -9.99921044204e+000
  -9.99289472641e+000
  -9.98026728428e+000
  -9.96133609143e+000
  -9.93611310520e+000
  -9.90461425697e+000
  -9.86685944208e+000
  -9.82287250729e+000
  -9.77268123568e+000
  -9.71631732915e+000
  -9.65381638833e+000
  -9.58521789017e+000
  -9.51056516295e+000
  -9.42990535893e+000
  -9.34328942457e+000
  -9.25077206834e+000
  -9.15241172621e+000
  -9.04827052466e+000
  -8.93841424151e+000
  -8.82291226435e+000
  -8.70183754670e+000
  -8.57526656194e+000
  -8.44327925502e+000
  -8.30595899196e+000
  -8.16339250717e+000
  -8.01566984871e+000
  -7.86288432137e+000
  -7.70513242776e+000
  -7.54251380736e+000
  -7.37513117358e+000
  -7.20309024888e+000
  -7.02649969799e+000
  -6.84547105929e+000
  -6.66011867434e+000
  -6.47055961569e+000
  -6.27691361291e+000
  -6.07930297695e+000
  -5.87785252292e+000
  -5.67268949127e+000
  -5.46394346734e+000
  -5.25174629961e+000
  -5.03623201636e+000
  -4.81753674102e+000
  -4.59579860621e+000
  -4.37115766651e+000
  -4.14375580993e+000
  -3.91373666837e+000
  -3.68124552685e+000
  -3.44642923175e+000
  -3.20943609807e+000
  -2.97041581577e+000
  -2.72951935517e+000
  -2.48689887165e+000
  -2.24270760949e+000
  -1.99709980514e+000
  -1.75023058975e+000
  -1.50225589121e+000
  -1.25333233564e+000
  -1.00361714851e+000
  -7.53268055279e-001
  -5.02443181798e-001
  -2.51300954433e-001
  -4.89842541529e-015
</dep>
